Troncos 1  0.0000  0.0000 357.2678  0.6833 553.3839  0.4927 677.3785  0.4009 942.3107 -0.3751
Troncos 2  0.0000  0.0000  0.0000  0.0000 506.6635  0.4927 652.8754  0.4094 489.9963 -0.3701
Troncos 3  0.0000  0.0000  0.0000  0.0000 516.9803  0.5048 678.4600  0.4190 491.7116 -0.3677
Troncos 4  0.0000  0.0000  0.0000  0.0000 537.1276  0.5599 693.6027  0.4713 482.3749 -0.3208
Troncos 5  0.0000  0.0000  0.0000  0.0000 530.0184  0.5911 658.4963  0.5026 473.2000 -0.2988
Troncos 6 510.3361  0.5317 640.8130  0.4426 476.0356 -0.3763 359.2645 -0.6057  0.0000  0.0000
Troncos 7  0.0000  0.0000  0.0000  0.0000 494.0282  0.4588 605.2712  0.3653 771.1663  0.2923 473.4535 -0.4735
Troncos 8  0.0000  0.0000  0.0000  0.0000 477.0080  0.4781 632.9046  0.3789 779.0585  0.3119 458.8695 -0.4655
Troncos 9  0.0000  0.0000  0.0000  0.0000 476.3703  0.5059 641.1639  0.4021 766.8109  0.3337 472.7497 -0.4587
Troncos 10  0.0000  0.0000  0.0000  0.0000 474.5005  0.5454 596.8185  0.4402 758.2499  0.3727 468.0388 -0.4354
Troncos 11  0.0000  0.0000  0.0000  0.0000 464.9295  0.5465 600.7465  0.4379 757.0409  0.3727 453.4141 -0.4518
Troncos 12  0.0000  0.0000  0.0000  0.0000 468.8242  0.5496 602.6183  0.4332 747.7344  0.3565 432.7783 -0.4780
Troncos 13  0.0000  0.0000  0.0000  0.0000 456.5035  0.5681 610.4733  0.4484 762.2327  0.3727 427.3281 -0.4712
Troncos 14  0.0000  0.0000  0.0000  0.0000 467.8101  0.6163 597.1080  0.4882 757.3275  0.4379 387.3611 -0.4564
Troncos 15  0.0000  0.0000  0.0000  0.0000 448.2232  0.6461 572.8879  0.5113 656.5836  0.4622 409.6825 -0.4494
Troncos 16  0.0000  0.0000  0.0000  0.0000  0.0000  0.0000 581.0360  0.5454 650.7696  0.4993 404.1657 -0.4224
Troncos 17  0.0000  0.0000  0.0000  0.0000 423.7424  0.6351 569.0574  0.4849 639.0285  0.4344 402.7936 -0.5112
Troncos 18  0.0000  0.0000  0.0000  0.0000 459.4687  0.6676 547.9026  0.5113 648.0731  0.4588 398.6029 -0.4981
Troncos 19  0.0000  0.0000  0.0000  0.0000  0.0000  0.0000 532.1282  0.5157 615.0589  0.4656 373.8748 -0.5220
Troncos 20  0.0000  0.0000  0.0000  0.0000  0.0000  0.0000 564.6641  0.5527 639.7457  0.5048 360.7717 -0.5091
Troncos 21  0.0000  0.0000  0.0000  0.0000  0.0000  0.0000 558.6545  0.5701 622.2697  0.5178 356.0931 -0.5091
Troncos 22  0.0000  0.0000 528.7476  0.5423 546.1516  0.5349 594.1687  0.4781 650.6147  0.4285 837.9438  0.3590  0.0000  0.0000 350.4540 -0.5781
Troncos 23  0.0000  0.0000 526.9565  0.5178 526.3599  0.5070 574.5406  0.4507 634.1358  0.3997 843.1704  0.3273  0.0000  0.0000 357.4186 -0.6210
Troncos 24  0.0000  0.0000 497.5470  0.5317 480.7684  0.5168 591.5269  0.4645 597.4667  0.4142 843.1704  0.3388  0.0000  0.0000 351.2516 -0.6294
Troncos 25  0.0000  0.0000 497.2656  0.5254 529.6878  0.5092 565.9588  0.4565 647.6433  0.4021 841.2235  0.3312
Troncos 26  0.0000  0.0000 504.4987  0.5135 489.8104  0.4960 563.7327  0.4437 639.9037  0.3912 811.9171  0.3158
Troncos 27  0.0000  0.0000 479.5317  0.5048 485.9774  0.4893 559.8556  0.4332 635.1939  0.3801 777.2894  0.3054
Troncos 28  0.0000  0.0000 469.5889  0.4725 465.1811  0.4553 558.1714  0.4009 604.0275  0.3477 794.7866  0.2686
Troncos 29  0.0000  0.0000 454.8631  0.4213  0.0000  0.0000 530.1405  0.3490 585.5801  0.2923 776.9458  0.2174
Troncos 30  0.0000  0.0000 449.3544  0.4472  0.0000  0.0000 532.1694  0.3752 604.2000  0.3170 771.1500  0.2391
Troncos 31  0.0000  0.0000 448.7256  0.4871  0.0000  0.0000 511.3084  0.4142 602.9040  0.3553 766.8109  0.2792
Troncos 32  0.0000  0.0000 433.9338  0.5328 458.1828  0.5200 524.3893  0.4565 582.2614  0.3985 766.8109  0.3183
Troncos 33  0.0000  0.0000 447.7440  0.5307  0.0000  0.0000 533.4885  0.4530 564.6641  0.3949 748.9658  0.3080
Troncos 34  0.0000  0.0000 445.2909  0.5402 448.0654  0.5264 504.3981  0.4645 562.5466  0.3997 754.0425  0.3119
Troncos 35  0.0000  0.0000 436.2941  0.5569  0.0000  0.0000 498.6242  0.4815 560.9042  0.4166 725.8817  0.3299
Troncos 36  0.0000  0.0000 416.4937  0.5950  0.0000  0.0000 498.7317  0.5178 577.2640  0.4519 759.3777  0.3653
Troncos 37  0.0000  0.0000 426.8618  0.5832  0.0000  0.0000 472.0879  0.5026 531.2087  0.4332 758.2499  0.3464
Troncos 38  0.0000  0.0000 406.2270  0.5752  0.0000  0.0000 481.9622  0.4938 531.5920  0.4225 758.2365  0.3325
Troncos 39  0.0000  0.0000 434.2199  0.5792  0.0000  0.0000 477.3429  0.4960 540.2973  0.4249 708.7448  0.3299
Troncos 40  0.0000  0.0000  0.0000  0.0000 445.4897  0.5391 536.5394  0.4691 703.4079  0.3690     NaN -0.4284 468.2714 -0.4413
Troncos 41  0.0000  0.0000  0.0000  0.0000 460.9044  0.5527 512.3019  0.4792 722.7264  0.3777 427.6107 -0.4343 452.9835 -0.4506
Troncos 42  0.0000  0.0000  0.0000  0.0000  0.0000  0.0000 529.2031  0.4565 696.1951  0.3515 430.7742 -0.4735 409.7964 -0.4959
Troncos 43  0.0000  0.0000  0.0000  0.0000  0.0000  0.0000 523.7834  0.4273 684.4827  0.3158 430.3333 -0.5263 396.9698 -0.5506
Troncos 44  0.0000  0.0000 385.0677  0.6038  0.0000  0.0000 487.5393  0.4094 651.3098  0.2950 427.5557 -0.5578 393.2956 -0.5801
Troncos 45  0.0000  0.0000 379.0535  0.6182  0.0000  0.0000 475.9554  0.4237 666.0373  0.3080 420.5761 -0.5639 432.7548 -0.5791
Troncos 46  0.0000  0.0000  0.0000  0.0000 423.8317  0.5651 496.0975  0.4826 649.9232  0.3678     NaN -0.5156 424.6371 -0.5231
Troncos 47  0.0000  0.0000  0.0000  0.0000 442.1230  0.6134 479.2069  0.5307 659.7721  0.4106 389.6192 -0.4859 421.8232 -0.4926
Troncos 48  0.0000  0.0000  0.0000  0.0000 461.3198  0.6304 481.7568  0.5444 695.8158  0.4190 387.2472 -0.4915 407.3968 -0.4926
Troncos 49  0.0000  0.0000  0.0000  0.0000 412.1123  0.5911 487.2538  0.5015 636.4015  0.3715 387.0048 -0.5537 408.0209 -0.5588
Troncos 50  0.0000  0.0000  0.0000  0.0000 422.7347  0.6048 466.6332  0.5135 642.9345  0.3789 388.5623 -0.5650 402.0070 -0.5721
Troncos 51  0.0000  0.0000  0.0000  0.0000 430.2663  0.6516 492.9576  0.5569 605.7161  0.4190 375.6753 -0.5433 389.5121 -0.5506
Troncos 52  0.0000  0.0000  0.0000  0.0000 429.3632  0.6703 460.9725  0.5701 597.6397  0.4249 628.7122 -0.5537 382.1366 -0.5619
Troncos 53  0.0000  0.0000  0.0000  0.0000 350.6553  0.6587 434.4318  0.5569 604.2000  0.4046  0.0000  0.0000 375.6758 -0.6057
Troncos 54  0.0000  0.0000  0.0000  0.0000  0.0000  0.0000 471.0370  0.5852 597.8356  0.4320 333.1620 -0.5711 371.0092 -0.5871
Troncos 55  0.0000  0.0000  0.0000  0.0000  0.0000  0.0000 448.6422  0.6038 602.4692  0.4472     NaN -0.5711 363.9775 -0.5930
Troncos 56  0.0000  0.0000  0.0000  0.0000  0.0000  0.0000 433.2633  0.6314 614.5357  0.4736     NaN -0.5547 352.1310 -0.5761
Troncos 57  0.0000  0.0000  0.0000  0.0000  0.0000  0.0000 421.3669  0.6019 574.3914  0.4414  0.0000  0.0000 302.1764 -0.6369
Troncos 58  0.0000  0.0000  0.0000  0.0000     NaN  0.6144  0.0000  0.0000 371.2397  0.5070 561.6160  0.4082 709.1013  0.3261 778.5513  0.2686 565.9660 -0.4105
Troncos 59  0.0000  0.0000  0.0000  0.0000 389.6708  0.5752  0.0000  0.0000 363.8283  0.4668 568.9789  0.3628 655.4017  0.2805 843.5508  0.2229 553.3839 -0.4655
Troncos 60  0.0000  0.0000  0.0000  0.0000     NaN  0.5960  0.0000  0.0000 353.0777  0.4770 557.8394  0.3678 658.8870  0.2831 843.3645  0.2242 541.0804 -0.4758
Troncos 61  0.0000  0.0000  0.0000  0.0000  0.0000  0.0000  0.0000  0.0000 371.5663  0.5517 542.5590  0.4344  0.0000  0.0000 643.0764  0.2897 552.6647 -0.4189
Troncos 62  0.0000  0.0000  0.0000  0.0000  0.0000  0.0000  0.0000  0.0000 372.3817  0.5872 527.1624  0.4634  0.0000  0.0000 669.3178  0.3158 508.5201 -0.4008
Troncos 63  0.0000  0.0000  0.0000  0.0000  0.0000  0.0000  0.0000  0.0000  0.0000  0.0000 545.6635  0.4495  0.0000  0.0000 668.4739  0.2976 512.7606 -0.4331
Troncos 64  0.0000  0.0000  0.0000  0.0000  0.0000  0.0000  0.0000  0.0000  0.0000  0.0000 530.7079  0.4484  0.0000  0.0000 816.8619  0.2884 524.8678 -0.4483
Troncos 65  0.0000  0.0000  0.0000  0.0000  0.0000  0.0000  0.0000  0.0000  0.0000  0.0000 527.5457  0.4645  0.0000  0.0000 769.8746  0.3054 497.3040 -0.4401
Troncos 66  0.0000  0.0000  0.0000  0.0000  0.0000  0.0000  0.0000  0.0000  0.0000  0.0000 523.7615  0.5026  0.0000  0.0000 751.8754  0.3401 474.0520 -0.4129
Troncos 67  0.0000  0.0000  0.0000  0.0000  0.0000  0.0000  0.0000  0.0000  0.0000  0.0000 528.5962  0.5423  0.0000  0.0000 738.7281  0.3752 496.8748 -0.3800
Troncos 68  0.0000  0.0000  0.0000  0.0000  0.0000  0.0000  0.0000  0.0000  0.0000  0.0000 413.2598  0.5328  0.0000  0.0000 756.7281  0.3628 492.9260 -0.4032
Troncos 69  0.0000  0.0000  0.0000  0.0000  0.0000  0.0000  0.0000  0.0000  0.0000  0.0000 1029.8896  0.5135  0.0000  0.0000 668.7293  0.3376 483.7044 -0.4436
Troncos 70  0.0000  0.0000  0.0000  0.0000  0.0000  0.0000  0.0000  0.0000  0.0000  0.0000  0.0000  0.0000  0.0000  0.0000 761.6869  0.3439 472.7497 -0.4448
Troncos 71  0.0000  0.0000  0.0000  0.0000  0.0000  0.0000  0.0000  0.0000  0.0000  0.0000 481.9567  0.5402  0.0000  0.0000 723.3411  0.3540 473.3536 -0.4436
Troncos 72  0.0000  0.0000  0.0000  0.0000  0.0000  0.0000  0.0000  0.0000  0.0000  0.0000  0.0000  0.0000  0.0000  0.0000 706.0803  0.3615 466.2308 -0.4494
Troncos 73  0.0000  0.0000  0.0000  0.0000  0.0000  0.0000  0.0000  0.0000  0.0000  0.0000 477.7741  0.5742  0.0000  0.0000 727.2604  0.3801 453.2337 -0.4436
Troncos 74  0.0000  0.0000  0.0000  0.0000  0.0000  0.0000  0.0000  0.0000  0.0000  0.0000 411.7346  0.5589  0.0000  0.0000 707.0775  0.3578 448.7911 -0.4791
Troncos 75  0.0000  0.0000  0.0000  0.0000  0.0000  0.0000  0.0000  0.0000  0.0000  0.0000 466.3026  0.5413  0.0000  0.0000 682.8322  0.3376 448.6422 -0.5123
Troncos 76  0.0000  0.0000  0.0000  0.0000  0.0000  0.0000  0.0000  0.0000  0.0000  0.0000 472.3156  0.5517  0.0000  0.0000 649.9232  0.3452 441.9653 -0.5220
Troncos 77  0.0000  0.0000  0.0000  0.0000  0.0000  0.0000  0.0000  0.0000  0.0000  0.0000 442.4458  0.5681  0.0000  0.0000 569.1034  0.3615 433.0354 -0.5177
Troncos 78  0.0000  0.0000  0.0000  0.0000  0.0000  0.0000  0.0000  0.0000  0.0000  0.0000 453.9604  0.5882  0.0000  0.0000 605.6678  0.3777 426.9753 -0.5145
Troncos 79  0.0000  0.0000  0.0000  0.0000  0.0000  0.0000  0.0000  0.0000  0.0000  0.0000 442.1860  0.5891  0.0000  0.0000 530.1405  0.3715 406.2186 -0.5327
Troncos 80  0.0000  0.0000  0.0000  0.0000  0.0000  0.0000  0.0000  0.0000  0.0000  0.0000 428.5766  0.5882  0.0000  0.0000     NaN  0.3590 416.4989 -0.5639
Troncos 81  0.0000  0.0000  0.0000  0.0000  0.0000  0.0000  0.0000  0.0000  0.0000  0.0000 473.5015  0.5882  0.0000  0.0000 647.7736  0.3515 390.0225 -0.5871
Troncos 82  0.0000  0.0000  0.0000  0.0000  0.0000  0.0000  0.0000  0.0000  0.0000  0.0000     NaN  0.6028  0.0000  0.0000 1760.1921  0.3603     NaN -0.5979
Troncos 83  0.0000  0.0000  0.0000  0.0000  0.0000  0.0000  0.0000  0.0000  0.0000  0.0000 427.6290  0.6587  0.0000  0.0000     NaN  0.4106 395.5713 -0.5598
Troncos 84  0.0000  0.0000  0.0000  0.0000  0.0000  0.0000  0.0000  0.0000  0.0000  0.0000 410.7220  0.6623  0.0000  0.0000 661.1354  0.4082 387.3643 -0.5851
Troncos 85  0.0000  0.0000  0.0000  0.0000  0.0000  0.0000  0.0000  0.0000  0.0000  0.0000 404.2614  0.6676  0.0000  0.0000 645.3409  0.4082 374.3817 -0.6114
Troncos 86  0.0000  0.0000 391.2458  0.6605 387.5903  0.6516 497.2018  0.4871 605.4448  0.3814 563.9908 -0.3247 487.0992 -0.4448  0.0000  0.0000
Troncos 87  0.0000  0.0000 403.9341  0.6720 375.4399  0.6641 496.1859  0.4971 626.3277  0.3851 564.6641 -0.3272 471.9208 -0.4529
Troncos 88  0.0000  0.0000  0.0000  0.0000  0.0000  0.0000 488.5584  0.5370 611.4152  0.4237 574.2786 -0.2975 461.4582 -0.4248
Troncos 89  0.0000  0.0000  0.0000  0.0000  0.0000  0.0000 471.6427  0.5589 617.7315  0.4426 529.3065 -0.2830 447.2206 -0.4153
Troncos 90  0.0000  0.0000  0.0000  0.0000  0.0000  0.0000 473.6474  0.5538 598.2152  0.4320 528.0452 -0.3053 445.8045 -0.4378
Troncos 91  0.0000  0.0000  0.0000  0.0000  0.0000  0.0000 478.4255  0.5444 571.9485  0.4202 569.9348 -0.3311 440.6338 -0.4678
Troncos 92  0.0000  0.0000  0.0000  0.0000  0.0000  0.0000 472.3107  0.5548 578.5552  0.4320 514.0357 -0.3298 426.7284 -0.4701
Troncos 93  0.0000  0.0000  0.0000  0.0000  0.0000  0.0000     NaN  0.5852 590.4243  0.4576 506.5367 -0.3118 422.5123 -0.4587
Troncos 94  0.0000  0.0000  0.0000  0.0000  0.0000  0.0000 426.2043  0.5832 577.5172  0.4507 496.5582 -0.3298 411.2118 -0.4814
Troncos 95  0.0000  0.0000  0.0000  0.0000  0.0000  0.0000 413.3092  0.5370 547.9730  0.4033 505.9160 -0.3947 408.5649 -0.5526
Troncos 96  0.0000  0.0000  0.0000  0.0000  0.0000  0.0000 416.2229  0.5465 571.6642  0.4033 471.8271 -0.4081 407.7934 -0.5731
Troncos 97  0.0000  0.0000  0.0000  0.0000  0.0000  0.0000 390.1399  0.5517 553.3839  0.4058 482.9508 -0.4177 407.9665 -0.5861
Troncos 98  0.0000  0.0000  0.0000  0.0000  0.0000  0.0000 407.3968  0.5423 536.2445  0.3924 479.2216 -0.4425 403.0608 -0.6219
Troncos 99  0.0000  0.0000  0.0000  0.0000  0.0000  0.0000 405.9934  0.5711 536.5269  0.4118 469.5385 -0.4401 391.7117 -0.6285
Troncos 100  0.0000  0.0000  0.0000  0.0000  0.0000  0.0000 393.9085  0.5752 519.6929  0.4142 472.6108 -0.4587
Troncos 101  0.0000  0.0000  0.0000  0.0000  0.0000  0.0000 393.1657  0.5701 499.3034  0.3985 447.7023 -0.4903
