T 1 4  0.0000  0.0000  0.0000  0.0000  0.0000  0.0000  0.0000  0.0000  0.4225 615.2418 345.0000 529.0000  0.3477 763.6018 406.0000 486.0000  1.0000 150.0000
T 2 6  0.6641 418.8936 112.0000 574.0000  0.0000  0.0000  0.0000  0.0000  0.4308 603.5403 338.0000 527.0000  0.3565 767.4355 399.0000 494.0000 -0.5547 380.7832 1093.0000 374.0000 -0.5650 386.6054 1103.0000 560.0000  1.0000 151.0000
T 3 6  0.6497 405.2360 128.0000 566.0000  0.0000  0.0000  0.0000  0.0000  0.4070 598.9124 358.0000 542.0000  0.3350 721.5069 416.0000 505.0000 -0.5989 368.0091 1137.0000 371.0000 -0.6047 375.6429 1143.0000 556.0000  0.0000 152.0000
T 4 6  0.0000  0.0000  0.0000  0.0000  0.0000  0.0000  0.0000  0.0000  0.4367 604.2000 333.0000 538.0000  0.3590 754.3318 397.0000 496.0000 -0.5781 333.6683 1116.0000 350.0000 -0.5900 371.5415 1128.0000 549.0000  0.0000 153.0000
T 5 6  0.0000  0.0000  0.0000  0.0000  0.0000  0.0000  0.0000  0.0000  0.4519 604.2000 320.0000 534.0000  0.3740 761.1073 385.0000 500.0000 -0.5680     NaN 1106.0000 339.0000 -0.5930 369.9490 1131.0000 571.0000  0.0000 154.0000
T 6 6  0.0000  0.0000  0.0000  0.0000  0.0000  0.0000  0.0000  0.0000  0.4781 601.2029 297.0000 517.0000  0.4009 754.0425 363.0000 490.0000 -0.5526     NaN 1091.0000 321.0000 -0.5791     NaN 1117.0000 545.0000  0.0000 155.0000
T 7 6  0.0000  0.0000  0.0000  0.0000  0.0000  0.0000  0.0000  0.0000  0.4449 586.5822 326.0000 547.0000  0.3665 705.1840 391.0000 513.0000  0.0000  0.0000  0.0000  0.0000 -0.6369 305.4467 1177.0000 565.0000  0.0000 156.0000
T 8 4  0.0000  0.0000  0.0000  0.0000  0.0000  0.0000  0.0000  0.0000  0.4082 566.8160 357.0000 542.0000  0.3286 698.1460 421.0000 513.0000  0.0000 157.0000
T 9 9  0.0000  0.0000  0.0000  0.0000  0.0000  0.0000  0.0000  0.0000  0.5752     NaN 206.0000 389.0000  0.0000  0.0000  0.0000  0.0000  0.4656 365.8165 308.0000 417.0000  0.3628 565.6147 394.0000 546.0000  0.2831 670.7485 456.0000 511.0000  0.2215 784.9409 502.0000 491.0000 -0.4655 557.0745 1011.0000 493.0000  1.0000 158.0000
T 10 9  0.0000  0.0000  0.0000  0.0000  0.0000  0.0000  0.0000  0.0000  0.5960 321.1874 185.0000 391.0000  0.0000  0.0000  0.0000  0.0000  0.4804 364.0163 295.0000 419.0000  0.3740 531.8002 385.0000 550.0000  0.2818 656.5391 457.0000 506.0000  0.2283 789.8243 497.0000 492.0000 -0.4780 553.3839 1022.0000 499.0000  0.0000 159.0000
T 11 9  0.0000  0.0000  0.0000  0.0000  0.0000  0.0000  0.0000  0.0000  0.0000  0.0000  0.0000  0.0000  0.0000  0.0000  0.0000  0.0000  0.5496 346.9675 231.0000 416.0000  0.4367 182.9743 333.0000 551.0000  0.0000  0.0000  0.0000  0.0000  0.2871 858.4159 453.0000 490.0000 -0.4177 544.4365 970.0000 483.0000  0.0000 160.0000
T 12 9  0.0000  0.0000  0.0000  0.0000  0.0000  0.0000  0.0000  0.0000  0.0000  0.0000  0.0000  0.0000  0.0000  0.0000  0.0000  0.0000  0.0000  0.0000  0.0000  0.0000  0.4679 521.8323 306.0000 529.0000  0.0000  0.0000  0.0000  0.0000  0.3145 818.1816 432.0000 476.0000 -0.4020 511.1038 957.0000 472.0000  0.0000 161.0000
T 13 9  0.0000  0.0000  0.0000  0.0000  0.0000  0.0000  0.0000  0.0000  0.0000  0.0000  0.0000  0.0000  0.0000  0.0000  0.0000  0.0000  0.0000  0.0000  0.0000  0.0000  0.4519 557.8394 320.0000 537.0000  0.0000  0.0000  0.0000  0.0000  0.2950 838.3170 447.0000 491.0000 -0.4284 512.7606 979.0000 488.0000  0.0000 162.0000
T 14 9  0.0000  0.0000  0.0000  0.0000  0.0000  0.0000  0.0000  0.0000  0.0000  0.0000  0.0000  0.0000  0.0000  0.0000  0.0000  0.0000  0.0000  0.0000  0.0000  0.0000  0.4495 537.6361 322.0000 541.0000  0.0000  0.0000  0.0000  0.0000  0.2858 849.7870 454.0000 506.0000 -0.4471 524.8678 995.0000 502.0000  0.0000 163.0000
T 15 9  0.0000  0.0000  0.0000  0.0000  0.0000  0.0000  0.0000  0.0000  0.0000  0.0000  0.0000  0.0000  0.0000  0.0000  0.0000  0.0000  0.6009 333.4271 180.0000 429.0000  0.4668 560.6778 307.0000 541.0000  0.0000  0.0000  0.0000  0.0000  0.3002 924.2959 443.0000 502.0000 -0.4378 497.3040 987.0000 495.0000  0.0000 164.0000
T 16 9  0.0000  0.0000  0.0000  0.0000  0.0000  0.0000  0.0000  0.0000  0.0000  0.0000  0.0000  0.0000  0.0000  0.0000  0.0000  0.0000  0.0000  0.0000  0.0000  0.0000  0.5059 517.3089 272.0000 552.0000  0.0000  0.0000  0.0000  0.0000  0.3363 774.5079 415.0000 515.0000 -0.4153 474.0520 968.0000 496.0000  0.0000 165.0000
T 17 9  0.0000  0.0000  0.0000  0.0000  0.0000  0.0000  0.0000  0.0000  0.0000  0.0000  0.0000  0.0000  0.0000  0.0000  0.0000  0.0000  0.0000  0.0000  0.0000  0.0000  0.5454 526.8572 235.0000 521.0000  0.0000  0.0000  0.0000  0.0000  0.3740 892.0643 385.0000 501.0000 -0.3825 496.8748 941.0000 471.0000  0.0000 166.0000
T 18 9  0.0000  0.0000  0.0000  0.0000  0.0000  0.0000  0.0000  0.0000  0.0000  0.0000  0.0000  0.0000  0.0000  0.0000  0.0000  0.0000  0.0000  0.0000  0.0000  0.0000  0.5317 506.9881 248.0000 531.0000  0.0000  0.0000  0.0000  0.0000  0.3590 775.9999 397.0000 512.0000 -0.4020 492.9260 957.0000 476.0000  0.0000 167.0000
T 19 9  0.0000  0.0000  0.0000  0.0000  0.0000  0.0000  0.0000  0.0000  0.0000  0.0000  0.0000  0.0000  0.0000  0.0000  0.0000  0.0000  0.0000  0.0000  0.0000  0.0000  0.0000  0.0000  0.0000  0.0000  0.0000  0.0000  0.0000  0.0000  0.3350 795.2553 416.0000 512.0000 -0.4448 483.7044 993.0000 490.0000  0.0000 168.0000
T 20 9  0.0000  0.0000  0.0000  0.0000  0.0000  0.0000  0.0000  0.0000  0.0000  0.0000  0.0000  0.0000  0.0000  0.0000  0.0000  0.0000  0.0000  0.0000  0.0000  0.0000  0.0000  0.0000  0.0000  0.0000  0.0000  0.0000  0.0000  0.0000  0.3414 766.8109 411.0000 512.0000 -0.4413 472.7497 990.0000 484.0000  0.0000 169.0000
T 21 9  0.0000  0.0000  0.0000  0.0000  0.0000  0.0000  0.0000  0.0000  0.0000  0.0000  0.0000  0.0000  0.0000  0.0000  0.0000  0.0000  0.0000  0.0000  0.0000  0.0000  0.5381 502.5812 242.0000 538.0000  0.0000  0.0000  0.0000  0.0000  0.3515 740.7578 403.0000 520.0000 -0.4390 473.3536 988.0000 494.0000  0.0000 170.0000
T 22 9  0.0000  0.0000  0.0000  0.0000  0.0000  0.0000  0.0000  0.0000  0.0000  0.0000  0.0000  0.0000  0.0000  0.0000  0.0000  0.0000  0.0000  0.0000  0.0000  0.0000  0.0000  0.0000  0.0000  0.0000  0.0000  0.0000  0.0000  0.0000  0.3590 718.2521 397.0000 516.0000 -0.4471 466.2308 995.0000 491.0000  0.0000 171.0000
T 23 9  0.0000  0.0000  0.0000  0.0000  0.0000  0.0000  0.0000  0.0000  0.0000  0.0000  0.0000  0.0000  0.0000  0.0000  0.0000  0.0000  0.0000  0.0000  0.0000  0.0000  0.5701     NaN 211.0000 508.0000  0.0000  0.0000  0.0000  0.0000  0.3814 727.2604 379.0000 504.0000 -0.4413 453.2337 990.0000 477.0000  0.0000 172.0000
T 24 9  0.0000  0.0000  0.0000  0.0000  0.0000  0.0000  0.0000  0.0000  0.0000  0.0000  0.0000  0.0000  0.0000  0.0000  0.0000  0.0000  0.0000  0.0000  0.0000  0.0000  0.5548 449.7906 226.0000 498.0000  0.0000  0.0000  0.0000  0.0000  0.3565 707.0775 399.0000 495.0000 -0.4769 448.7911 1021.0000 480.0000  0.0000 173.0000
T 25 9  0.0000  0.0000  0.0000  0.0000  0.0000  0.0000  0.0000  0.0000  0.0000  0.0000  0.0000  0.0000  0.0000  0.0000  0.0000  0.0000  0.0000  0.0000  0.0000  0.0000  0.5413 456.7475 239.0000 489.0000  0.0000  0.0000  0.0000  0.0000  0.3414 682.8322 411.0000 487.0000 -0.5101 448.6422 1051.0000 490.0000  0.0000 174.0000
T 26 9  0.0000  0.0000  0.0000  0.0000  0.0000  0.0000  0.0000  0.0000  0.0000  0.0000  0.0000  0.0000  0.0000  0.0000  0.0000  0.0000  0.0000  0.0000  0.0000  0.0000  0.5548 470.6910 226.0000 492.0000  0.0000  0.0000  0.0000  0.0000  0.3477 649.9232 406.0000 492.0000 -0.5177 441.9653 1058.0000 505.0000  0.0000 175.0000
T 27 9  0.0000  0.0000  0.0000  0.0000  0.0000  0.0000  0.0000  0.0000  0.0000  0.0000  0.0000  0.0000  0.0000  0.0000  0.0000  0.0000  0.0000  0.0000  0.0000  0.0000  0.5681 442.4458 213.0000 522.0000  0.0000  0.0000  0.0000  0.0000  0.3640 569.1034 393.0000 494.0000 -0.5188 433.0354 1059.0000 515.0000  0.0000 176.0000
T 28 9  0.0000  0.0000  0.0000  0.0000  0.0000  0.0000  0.0000  0.0000  0.0000  0.0000  0.0000  0.0000  0.0000  0.0000  0.0000  0.0000  0.0000  0.0000  0.0000  0.0000  0.5852 453.9604 196.0000 509.0000  0.0000  0.0000  0.0000  0.0000  0.3814 605.6678 379.0000 480.0000 -0.5177 426.9753 1058.0000 506.0000  0.0000 177.0000
T 29 9  0.0000  0.0000  0.0000  0.0000  0.0000  0.0000  0.0000  0.0000  0.0000  0.0000  0.0000  0.0000  0.0000  0.0000  0.0000  0.0000  0.0000  0.0000  0.0000  0.0000  0.5891 442.1860 192.0000 500.0000  0.0000  0.0000  0.0000  0.0000  0.3752 530.1405 384.0000 477.0000 -0.5327 406.2186 1072.0000 470.0000  0.0000 178.0000
T 30 9  0.0000  0.0000  0.0000  0.0000  0.0000  0.0000  0.0000  0.0000  0.0000  0.0000  0.0000  0.0000  0.0000  0.0000  0.0000  0.0000  0.0000  0.0000  0.0000  0.0000  0.5882 428.5766 193.0000 511.0000  0.0000  0.0000  0.0000  0.0000  0.3578     NaN 398.0000 490.0000 -0.5670 416.4989 1105.0000 489.0000  0.0000 179.0000
T 31 9  0.0000  0.0000  0.0000  0.0000  0.0000  0.0000  0.0000  0.0000  0.0000  0.0000  0.0000  0.0000  0.0000  0.0000  0.0000  0.0000  0.0000  0.0000  0.0000  0.0000  0.5862 473.5015 195.0000 540.0000  0.0000  0.0000  0.0000  0.0000  0.3490 647.7736 405.0000 518.0000 -0.5891 390.0225 1127.0000 490.0000  0.0000 180.0000
T 32 9  0.0000  0.0000  0.0000  0.0000  0.0000  0.0000  0.0000  0.0000  0.0000  0.0000  0.0000  0.0000  0.0000  0.0000  0.0000  0.0000  0.0000  0.0000  0.0000  0.0000  0.6009     NaN 180.0000 543.0000  0.0000  0.0000  0.0000  0.0000  0.3590 1760.1921 397.0000 520.0000 -0.5979     NaN 1136.0000 477.0000  0.0000 181.0000
T 33 9  0.0000  0.0000  0.0000  0.0000  0.0000  0.0000  0.0000  0.0000  0.0000  0.0000  0.0000  0.0000  0.0000  0.0000  0.0000  0.0000  0.0000  0.0000  0.0000  0.0000  0.6570 427.6290 120.0000 525.0000  0.0000  0.0000  0.0000  0.0000  0.4130     NaN 353.0000 504.0000 -0.5588 395.5713 1097.0000 486.0000  0.0000 182.0000
T 34 9  0.0000  0.0000  0.0000  0.0000  0.0000  0.0000  0.0000  0.0000  0.0000  0.0000  0.0000  0.0000  0.0000  0.0000  0.0000  0.0000  0.0000  0.0000  0.0000  0.0000  0.6623 410.7220 114.0000 490.0000  0.0000  0.0000  0.0000  0.0000  0.4046 661.1354 360.0000 510.0000 -0.5881 387.3643 1126.0000 485.0000  0.0000 183.0000
T 35 9  0.0000  0.0000  0.0000  0.0000  0.0000  0.0000  0.0000  0.0000  0.0000  0.0000  0.0000  0.0000  0.0000  0.0000  0.0000  0.0000  0.0000  0.0000  0.0000  0.0000  0.6676 404.2614 108.0000 491.0000  0.0000  0.0000  0.0000  0.0000  0.4033 645.3409 361.0000 508.0000 -0.6105 374.3817 1149.0000 472.0000  0.0000 184.0000
T 36 8  0.0000  0.0000  0.0000  0.0000  0.0000  0.0000  0.0000  0.0000  0.0000  0.0000  0.0000  0.0000  0.0000  0.0000  0.0000  0.0000  0.0000  0.0000  0.0000  0.0000  0.6525 393.9281 125.0000 499.0000  0.0000  0.0000  0.0000  0.0000  0.3789 694.9026 381.0000 509.0000  0.0000 185.0000
T 37 7  0.0000  0.0000  0.0000  0.0000  0.0000  0.0000  0.0000  0.0000  0.6659 380.1663 110.0000 498.0000  0.5004 497.9886 277.0000 587.0000  0.3875 641.7017 374.0000 555.0000 -0.3259 576.1982 896.0000 490.0000 -0.4541 469.5889 1001.0000 538.0000  1.0000 186.0000
T 38 7  0.0000  0.0000  0.0000  0.0000  0.0000  0.0000  0.0000  0.0000  0.0000  0.0000  0.0000  0.0000  0.5413 499.7337 239.0000 577.0000  0.4249 595.6781 343.0000 546.0000 -0.2935 573.5610 871.0000 492.0000 -0.4200 458.5863 972.0000 534.0000  0.0000 187.0000
T 39 7  0.0000  0.0000  0.0000  0.0000  0.0000  0.0000  0.0000  0.0000  0.0000  0.0000  0.0000  0.0000  0.5620 470.5578 219.0000 556.0000  0.4402 629.6479 330.0000 521.0000 -0.2870 526.8083 866.0000 480.0000 -0.4093 450.0382 963.0000 518.0000  0.0000 188.0000
T 40 7  0.0000  0.0000  0.0000  0.0000  0.0000  0.0000  0.0000  0.0000  0.0000  0.0000  0.0000  0.0000  0.5527 472.7497 228.0000 545.0000  0.4320 610.2339 337.0000 517.0000 -0.3066 528.0452 881.0000 475.0000 -0.4343 441.9676 984.0000 509.0000  0.0000 189.0000
T 41 7  0.0000  0.0000  0.0000  0.0000  0.0000  0.0000  0.0000  0.0000  0.0000  0.0000  0.0000  0.0000  0.5433     NaN 237.0000 525.0000  0.4178 582.2138 349.0000 524.0000 -0.3272 569.9348 897.0000 489.0000 -0.4655 446.3096 1011.0000 517.0000  0.0000 190.0000
T 42 7  0.0000  0.0000  0.0000  0.0000  0.0000  0.0000  0.0000  0.0000  0.0000  0.0000  0.0000  0.0000  0.5558     NaN 225.0000 509.0000  0.4332 579.3088 336.0000 498.0000 -0.3285 514.0357 898.0000 481.0000 -0.4690 430.0073 1014.0000 517.0000  0.0000 191.0000
T 43 7  0.0000  0.0000  0.0000  0.0000  0.0000  0.0000  0.0000  0.0000  0.0000  0.0000  0.0000  0.0000  0.5872 441.9320 194.0000 516.0000  0.4611 636.9836 312.0000 494.0000 -0.3092 506.5367 883.0000 469.0000 -0.4598 425.4900 1006.0000 512.0000  0.0000 192.0000
T 44 7  0.0000  0.0000  0.0000  0.0000  0.0000  0.0000  0.0000  0.0000  0.0000  0.0000  0.0000  0.0000  0.5792 424.6994 202.0000 484.0000  0.4542 573.6641 318.0000 493.0000 -0.3259 496.5582 896.0000 455.0000 -0.4836 410.9226 1027.0000 500.0000  0.0000 193.0000
T 45 7  0.0000  0.0000  0.0000  0.0000  0.0000  0.0000  0.0000  0.0000  0.0000  0.0000  0.0000  0.0000  0.5370 436.1497 243.0000 451.0000  0.4070 547.9730 358.0000 487.0000 -0.3960 505.9160 952.0000 475.0000 -0.5547 408.5649 1093.0000 513.0000  0.0000 194.0000
T 46 7  0.0000  0.0000  0.0000  0.0000  0.0000  0.0000  0.0000  0.0000  0.0000  0.0000  0.0000  0.0000  0.5486 415.3778 232.0000 494.0000  0.4070 571.6642 358.0000 496.0000 -0.4069 471.8271 961.0000 476.0000 -0.5711 407.7934 1109.0000 522.0000  0.0000 195.0000
T 47 7  0.0000  0.0000  0.0000  0.0000  0.0000  0.0000  0.0000  0.0000  0.0000  0.0000  0.0000  0.0000  0.0000  0.0000  0.0000  0.0000  0.4094 553.3839 356.0000 492.0000 -0.4177 482.9508 970.0000 473.0000 -0.5871 407.9665 1125.0000 517.0000  0.0000 196.0000
T 48 7  0.0000  0.0000  0.0000  0.0000  0.0000  0.0000  0.0000  0.0000  0.0000  0.0000  0.0000  0.0000  0.0000  0.0000  0.0000  0.0000  0.3973 536.2445 366.0000 503.0000 -0.4425 479.2216 991.0000 488.0000 -0.6238 403.0608 1163.0000 523.0000  0.0000 197.0000
T 49 7  0.0000  0.0000  0.0000  0.0000  0.0000  0.0000  0.0000  0.0000  0.0000  0.0000  0.0000  0.0000  0.5681 406.1854 213.0000 484.0000  0.4142 536.5269 352.0000 515.0000 -0.4366 469.5385 986.0000 490.0000 -0.6247 391.7117 1164.0000 523.0000  0.0000 198.0000
T 50 6  0.0000  0.0000  0.0000  0.0000  0.0000  0.0000  0.0000  0.0000  0.0000  0.0000  0.0000  0.0000  0.5782 398.2068 203.0000 498.0000  0.4154 519.6929 351.0000 528.0000 -0.4564 472.6108 1003.0000 491.0000  0.0000 199.0000
T 51 6  0.0000  0.0000  0.0000  0.0000  0.0000  0.0000  0.0000  0.0000  0.0000  0.0000  0.0000  0.0000  0.5671 394.7056 214.0000 461.0000  0.4009 499.3034 363.0000 511.0000 -0.4870 447.7023 1030.0000 491.0000  0.0000 200.0000
T 52 6  0.0000  0.0000  0.0000  0.0000  0.0000  0.0000  0.0000  0.0000  0.0000  0.0000  0.0000  0.0000  0.6028 389.6192 178.0000 458.0000  0.4367 504.8447 333.0000 515.0000 -0.4598 431.7909 1006.0000 494.0000  0.0000 201.0000
T 53 7  0.0000  0.0000  0.0000  0.0000  0.0000  0.0000  0.0000  0.0000  0.0000  0.0000  0.0000  0.0000  0.0000  0.0000  0.0000  0.0000  0.0000  0.0000  0.0000  0.0000 -0.4008 446.3499 956.0000 497.0000 -0.6162 357.6726 1155.0000 514.0000  0.0000 202.0000
T 54 8  0.0000  0.0000  0.0000  0.0000  0.0000  0.0000  0.0000  0.0000  0.0000  0.0000  0.0000  0.0000  0.5221 513.3628 257.0000 543.0000  0.4202 658.2266 347.0000 494.0000  0.3426 897.0123 410.0000 452.0000 -0.3837 411.0649 942.0000 479.0000 -0.6105 357.4983 1149.0000 540.0000  1.0000 203.0000
T 55 7  0.6570 359.6452 120.0000 520.0000  0.6479 335.7221 130.0000 260.0000  0.0000  0.0000  0.0000  0.0000  0.4713 486.1905 303.0000 536.0000  0.3665 646.8570 391.0000 503.0000  0.2805 771.1697 458.0000 460.0000 -0.4598 408.3252 1006.0000 508.0000  0.0000 204.0000
T 56 7  0.6641 363.0164 112.0000 536.0000  0.0000  0.0000  0.0000  0.0000  0.0000  0.0000  0.0000  0.0000  0.4747 490.4009 300.0000 549.0000  0.3603 649.9232 396.0000 509.0000  0.2779 815.6838 460.0000 477.0000 -0.4735 407.3968 1018.0000 517.0000  0.0000 205.0000
T 57 7  0.0000  0.0000  0.0000  0.0000  0.0000  0.0000  0.0000  0.0000  0.0000  0.0000  0.0000  0.0000  0.4804 494.0932 295.0000 530.0000  0.3628 630.1132 394.0000 497.0000  0.2818 768.4332 457.0000 463.0000 -0.4712 392.8101 1016.0000 504.0000  0.0000 206.0000
T 58 7  0.0000  0.0000  0.0000  0.0000  0.0000  0.0000  0.0000  0.0000  0.0000  0.0000  0.0000  0.0000  0.0000  0.0000  0.0000  0.0000  0.0000  0.0000  0.0000  0.0000  0.3527 774.0396 402.0000 460.0000 -0.4069     NaN 961.0000 495.0000  0.0000 207.0000
T 59 3  0.5589 480.3088 222.0000 562.0000  0.4402 649.9232 330.0000 507.0000  0.3527 766.8109 402.0000 459.0000  1.0000 208.0000
T 60 3  0.5402 472.7497 240.0000 530.0000  0.4142 640.8130 352.0000 496.0000  0.3286 771.1663 421.0000 459.0000  0.0000 209.0000
T 61 3  0.5168 456.6154 262.0000 559.0000  0.3801 634.4232 380.0000 493.0000  0.2976 766.7743 445.0000 467.0000  0.0000 210.0000
T 62 3  0.5328 470.4032 247.0000 545.0000  0.4021 612.6684 362.0000 499.0000  0.3080 805.7574 437.0000 465.0000  0.0000 211.0000
T 63 3  0.5911 476.3076 190.0000 560.0000  0.4495 587.8741 322.0000 507.0000  0.3640 738.0540 393.0000 483.0000  0.0000 212.0000
T 64 3  0.6434 445.1932 135.0000 574.0000  0.5092 605.0646 269.0000 502.0000  0.4130 764.6791 353.0000 481.0000  0.0000 213.0000
T 65 3  0.6632 450.8432 113.0000 533.0000  0.5146 632.2261 264.0000 490.0000  0.4178 756.2783 349.0000 470.0000  0.0000 214.0000
T 66 3  0.6314 440.8645 148.0000 554.0000  0.4792 610.1659 296.0000 499.0000  0.3777 721.4783 382.0000 482.0000  0.0000 215.0000
T 67 3  0.6192 435.3465 161.0000 553.0000  0.4645 602.9756 309.0000 498.0000  0.3603 719.6231 396.0000 483.0000  0.0000 216.0000
T 68 3  0.6397 431.2839 139.0000 538.0000  0.4725 572.8007 302.0000 499.0000  0.3727 716.1640 386.0000 488.0000  0.0000 217.0000
T 69 3  0.6552 442.4911 122.0000 576.0000  0.4982 499.7266 279.0000 501.0000  0.3912 704.7657 371.0000 503.0000  0.0000 218.0000
T 70 3  0.0000  0.0000  0.0000  0.0000  0.5402 581.2443 240.0000 492.0000  0.4426 707.5696 328.0000 499.0000  0.0000 219.0000
T 71 4  0.5506 592.7397 230.0000 531.0000  0.4437 716.2339 327.0000 484.0000 -0.1691 689.9050 779.0000 441.0000 -0.4758 405.5268 1020.0000 506.0000  1.0000 220.0000
T 72 3  0.5015 555.5907 276.0000 535.0000  0.3961 696.8016 367.0000 502.0000 -0.2322 695.7922 825.0000 442.0000  0.0000 221.0000
T 73 3  0.4759 538.9664 299.0000 536.0000  0.3590 653.0197 397.0000 494.0000 -0.2711 665.2714 854.0000 438.0000  0.0000 222.0000
T 74 3  0.5070 509.6191 271.0000 538.0000  0.3924 665.8560 370.0000 502.0000 -0.2077 827.9561 807.0000 449.0000  0.0000 223.0000
T 75 3  0.5370 557.9904 243.0000 509.0000  0.4166 647.0404 350.0000 488.0000 -0.1857 832.0328 791.0000 438.0000  0.0000 224.0000
T 76 3  0.5548 563.0370 226.0000 501.0000  0.4414 646.1640 329.0000 480.0000 -0.1677 877.5760 778.0000 439.0000  0.0000 225.0000
T 77 3  0.5527 525.4933 228.0000 502.0000  0.4296 639.4864 339.0000 485.0000 -0.1968 827.6870 799.0000 445.0000  0.0000 226.0000
T 78 3  0.5475 510.7688 233.0000 506.0000  0.4178 637.0123 349.0000 493.0000 -0.2091 767.2845 808.0000 450.0000  0.0000 227.0000
T 79 3  0.5433 502.4069 237.0000 485.0000  0.4142 639.4200 352.0000 491.0000 -0.2200 773.0425 816.0000 448.0000  0.0000 228.0000
T 80 3  0.5589 496.7934 222.0000 481.0000  0.4261 646.9456 342.0000 486.0000 -0.2187 768.1227 815.0000 452.0000  0.0000 229.0000
T 81 3  0.5671 499.7337 214.0000 473.0000  0.4308 612.2606 338.0000 482.0000 -0.2132 758.2499 811.0000 439.0000  0.0000 230.0000
T 82 3  0.5852 499.7337 196.0000 484.0000  0.4402 646.7089 330.0000 486.0000 -0.2091 760.4805 808.0000 443.0000  0.0000 231.0000
T 83 3  0.5701 496.0359 211.0000 492.0000  0.4261 607.5357 342.0000 493.0000 -0.2309 731.7974 824.0000 452.0000  0.0000 232.0000
T 84 3  0.5264 467.9872 253.0000 477.0000  0.3789 601.5616 381.0000 490.0000 -0.2909 717.5806 869.0000 465.0000  0.0000 233.0000
T 85 3  0.5569 471.7453 224.0000 490.0000  0.4082 605.5594 357.0000 498.0000 -0.2658 706.5952 850.0000 469.0000  0.0000 234.0000
T 86 3  0.6163 474.7464 164.0000 495.0000  0.4622 631.9408 311.0000 499.0000 -0.2200 707.4075 816.0000 478.0000  0.0000 235.0000
T 87 3  0.6543 472.7497 123.0000 490.0000  0.4949 604.2000 282.0000 494.0000 -0.1940 703.4079 797.0000 473.0000  0.0000 236.0000
T 88 3  0.6798 469.5889 94.0000 506.0000  0.5135 600.1192 265.0000 501.0000 -0.1844 707.9063 790.0000 471.0000  0.0000 237.0000
T 89 3  0.6587 468.0249 118.0000 526.0000  0.4949 578.0629 282.0000 510.0000 -0.2159 683.6199 813.0000 482.0000  0.0000 238.0000
T 90 3  0.6561 433.9438 121.0000 538.0000  0.4826 603.8943 293.0000 517.0000 -0.2376 702.1541 829.0000 490.0000  0.0000 239.0000
T 91 3  0.6720 430.3832 103.0000 541.0000  0.4938 577.2422 283.0000 521.0000 -0.2363 691.0962 828.0000 489.0000  0.0000 240.0000
T 92 3  0.6790 426.8938 95.0000 542.0000  0.4982 590.7538 279.0000 511.0000 -0.2484 651.4407 837.0000 477.0000  0.0000 241.0000
T 93 3  0.0000  0.0000  0.0000  0.0000  0.5221 574.3051 257.0000 509.0000 -0.2255 657.4759 820.0000 488.0000  0.0000 242.0000
T 94 4  0.0000  0.0000  0.0000  0.0000  0.5328 539.9712 247.0000 527.0000  0.4565 698.7935 316.0000 509.0000 -0.2961 520.1328 873.0000 493.0000  1.0000 243.0000
T 95 4  0.0000  0.0000  0.0000  0.0000  0.4938 530.1405 283.0000 517.0000  0.4190 677.5861 348.0000 493.0000 -0.3488 510.7773 914.0000 478.0000  0.0000 244.0000
T 96 4  0.0000  0.0000  0.0000  0.0000  0.4679 539.2376 306.0000 530.0000  0.3985 655.7905 365.0000 495.0000 -0.3886 518.0182 946.0000 490.0000  0.0000 245.0000
T 97 4  0.0000  0.0000  0.0000  0.0000  0.4713 526.4881 303.0000 532.0000  0.3887 659.3047 373.0000 501.0000 -0.4044 517.4642 959.0000 496.0000  0.0000 246.0000
T 98 4  0.0000  0.0000  0.0000  0.0000  0.4815 522.9439 294.0000 526.0000  0.4094 651.3059 356.0000 477.0000 -0.3972 506.4901 953.0000 480.0000  0.0000 247.0000
T 99 4  0.0000  0.0000  0.0000  0.0000  0.5381 530.0618 242.0000 535.0000  0.0000  0.0000  0.0000  0.0000 -0.3514 499.7337 916.0000 493.0000  0.0000 248.0000
T 100 4  0.5538 522.2173 227.0000 535.0000  0.4679 650.7397 306.0000 526.0000 -0.2511 604.8126 839.0000 485.0000 -0.3451 483.3346 911.0000 502.0000  1.0000 249.0000
T 101 4  0.5328 526.1304 247.0000 549.0000  0.4461 649.9232 325.0000 530.0000 -0.2935 644.5513 871.0000 496.0000 -0.3825 469.5837 941.0000 487.0000  0.0000 250.0000
T 102 4  0.5264 499.7337 253.0000 545.0000  0.4426 639.4527 328.0000 510.0000 -0.3118 601.7316 885.0000 495.0000 -0.4093 455.8951 963.0000 491.0000  0.0000 251.0000
T 103 4  0.5370 499.7337 243.0000 551.0000  0.4542 644.9040 318.0000 512.0000 -0.3066 584.6779 881.0000 495.0000 -0.4093 451.4111 963.0000 485.0000  0.0000 252.0000
T 104 4  0.5691 496.1859 212.0000 522.0000  0.4792 638.5398 296.0000 489.0000 -0.2843 562.7783 864.0000 477.0000 -0.3947 446.4140 951.0000 465.0000  0.0000 253.0000
T 105 4  0.5752 473.2712 206.0000 515.0000  0.4871 611.2806 289.0000 477.0000 -0.2909 565.0328 869.0000 477.0000 -0.4081 432.9902 962.0000 462.0000  0.0000 254.0000
T 106 4  0.5691 464.5683 212.0000 522.0000  0.4668 604.7187 307.0000 494.0000 -0.3208 556.1623 892.0000 482.0000 -0.4378     NaN 987.0000 466.0000  0.0000 255.0000
T 107 4  0.5548 451.4714 226.0000 495.0000  0.4519 569.3110 320.0000 475.0000 -0.3501 1068.4677 915.0000 458.0000 -0.4667 359.5517 1012.0000 436.0000  0.0000 256.0000
T 108 4  0.5792 471.2222 202.0000 490.0000  0.4725 564.6641 302.0000 482.0000 -0.3374 1198.5037 905.0000 462.0000 -0.4644 357.6904 1010.0000 440.0000  0.0000 257.0000
T 109 4  0.6267 446.9332 153.0000 486.0000  0.5146 610.9213 264.0000 475.0000 -0.3053 521.7877 880.0000 462.0000 -0.4272 485.3890 978.0000 439.0000  0.0000 258.0000
T 110 4  0.6587 443.5210 118.0000 478.0000  0.5496 584.0969 231.0000 465.0000 -0.2817 521.0794 862.0000 465.0000 -0.4057 380.0556 960.0000 440.0000  0.0000 259.0000
T 111 1  0.6153 418.5499 165.0000 483.0000  0.0000 260.0000
T 112 6  0.5782 421.6251 203.0000 564.0000  0.5911 309.8918 190.0000 152.0000  0.4519 560.4923 320.0000 515.0000  0.3515 706.8328 403.0000 490.0000 -0.4069 530.4950 961.0000 499.0000 -0.5412 419.4527 1080.0000 543.0000  1.0000 261.0000
T 113 6  0.5999 425.0180 181.0000 552.0000  0.6173     NaN 163.0000 143.0000  0.4815 546.4612 294.0000 470.0000  0.3640     NaN 393.0000 484.0000 -0.3935 516.7552 950.0000 478.0000 -0.5327 406.6558 1072.0000 495.0000  0.0000 262.0000
T 114 6  0.6470 427.3442 131.0000 558.0000  0.0000  0.0000  0.0000  0.0000  0.5221 553.3839 257.0000 474.0000  0.4046 694.4297 360.0000 489.0000 -0.3677 528.0530 929.0000 500.0000 -0.5112 379.4122 1052.0000 511.0000  0.0000 263.0000
T 115 6  0.6703 422.2445 105.0000 563.0000  0.0000  0.0000  0.0000  0.0000  0.5454 538.3535 235.0000 481.0000  0.4225 694.6022 345.0000 491.0000 -0.3551 500.3482 919.0000 492.0000 -0.5058 368.6277 1047.0000 499.0000  0.0000 264.0000
T 116 6  0.6641 423.2355 112.0000 542.0000  0.0000  0.0000  0.0000  0.0000  0.5328 535.1920 247.0000 475.0000  0.4046 694.2042 360.0000 492.0000 -0.3850 490.6384 943.0000 496.0000 -0.5317 370.1408 1071.0000 472.0000  0.0000 265.0000
T 117 6  0.6295 404.3193 150.0000 539.0000  0.0000  0.0000  0.0000  0.0000  0.4904 509.1042 286.0000 486.0000  0.3615 648.4131 395.0000 491.0000 -0.4378 502.9164 987.0000 498.0000 -0.6018 365.6575 1140.0000 483.0000  0.0000 266.0000
T 118 6  0.6516 408.9156 126.0000 549.0000  0.0000  0.0000  0.0000  0.0000  0.5059 553.7965 272.0000 487.0000  0.3715 660.5869 387.0000 490.0000 -0.4295 470.8353 980.0000 504.0000 -0.5930 346.5038 1131.0000 485.0000  0.0000 267.0000
T 119 6  0.6807 389.6192 93.0000 506.0000  0.0000  0.0000  0.0000  0.0000  0.5307 499.1035 249.0000 481.0000  0.3997 652.9955 364.0000 496.0000 -0.4212 472.7079 973.0000 510.0000 -0.5910 488.0310 1129.0000 490.0000  0.0000 268.0000
T 120 6  0.0000  0.0000  0.0000  0.0000  0.0000  0.0000  0.0000  0.0000  0.5802 498.4453 201.0000 496.0000  0.4426 645.8035 328.0000 500.0000 -0.3911 469.4791 948.0000 494.0000 -0.5609 345.7308 1099.0000 487.0000  0.0000 269.0000
T 121 6  0.0000  0.0000  0.0000  0.0000  0.0000  0.0000  0.0000  0.0000  0.5681 499.2317 213.0000 493.0000  0.4273 649.9232 341.0000 497.0000 -0.4129 448.7586 966.0000 498.0000 -0.5950 344.9138 1133.0000 493.0000  0.0000 270.0000
T 122 6  0.0000  0.0000  0.0000  0.0000  0.0000  0.0000  0.0000  0.0000  0.5569 478.2200 224.0000 488.0000  0.4058 634.7892 359.0000 494.0000 -0.4494 462.4769 997.0000 507.0000 -0.6341 344.8134 1174.0000 494.0000  0.0000 271.0000
T 123 5  0.0000  0.0000  0.0000  0.0000  0.0000  0.0000  0.0000  0.0000  0.5610 471.2406 220.0000 479.0000  0.4094 646.8570 356.0000 485.0000 -0.4564 336.5100 1003.0000 499.0000  0.0000 272.0000
T 124 6  0.0000  0.0000  0.0000  0.0000  0.0000  0.0000  0.0000  0.0000  0.6182 497.6237 162.0000 474.0000  0.4622 649.5900 311.0000 478.0000 -0.4212 426.0216 973.0000 488.0000 -0.6162 323.4063 1155.0000 517.0000  0.0000 273.0000
T 125 6  0.0000  0.0000  0.0000  0.0000  0.0000  0.0000  0.0000  0.0000  0.6694 478.8399 106.0000 483.0000  0.5081 629.9851 270.0000 486.0000 -0.3911 422.9810 948.0000 494.0000 -0.6008 307.6666 1139.0000 483.0000  0.0000 274.0000
T 126 5  0.0000  0.0000  0.0000  0.0000  0.0000  0.0000  0.0000  0.0000  0.6388 469.5889 140.0000 480.0000  0.4736 609.5492 301.0000 487.0000 -0.4518 407.3968 999.0000 498.0000  0.0000 275.0000
T 127 5  0.0000  0.0000  0.0000  0.0000  0.0000  0.0000  0.0000  0.0000  0.5999 441.1822 181.0000 487.0000  0.4261 597.1949 342.0000 483.0000 -0.5188 433.0018 1059.0000 462.0000  0.0000 276.0000
T 128 5  0.0000  0.0000  0.0000  0.0000  0.0000  0.0000  0.0000  0.0000  0.5882 435.4418 193.0000 502.0000  0.4070 580.9119 358.0000 500.0000 -0.5629 407.6613 1101.0000 484.0000  0.0000 277.0000
T 129 5  0.0000  0.0000  0.0000  0.0000  0.0000  0.0000  0.0000  0.0000  0.6332 443.6299 146.0000 499.0000  0.4484 564.7845 323.0000 498.0000 -0.5380 403.3451 1077.0000 499.0000  0.0000 278.0000
T 130 5  0.0000  0.0000  0.0000  0.0000  0.0000  0.0000  0.0000  0.0000  0.6676 438.6705 108.0000 485.0000  0.4770 560.1472 298.0000 469.0000 -0.5253 397.5461 1065.0000 502.0000  0.0000 279.0000
T 131 5  0.0000  0.0000  0.0000  0.0000  0.0000  0.0000  0.0000  0.0000  0.0000  0.0000  0.0000  0.0000  0.5092 492.2991 269.0000 426.0000 -0.5145 386.5239 1055.0000 499.0000  0.0000 280.0000
T 132 9  0.0000  0.0000  0.0000  0.0000  0.6659     NaN 110.0000 303.0000  0.6443     NaN 134.0000 572.0000  0.5113 552.6689 267.0000 520.0000  0.4367 733.0825 333.0000 474.0000  0.3715 843.3430 387.0000 445.0000 -0.2187 695.0098 815.0000 451.0000 -0.3040 564.6641 879.0000 467.0000 -0.5338 375.5408 1073.0000 496.0000  1.0000 281.0000
T 133 8  0.0000  0.0000  0.0000  0.0000  0.6332 407.4001 146.0000 266.0000  0.6019 471.9162 179.0000 576.0000  0.4599 555.4120 313.0000 492.0000  0.3912 758.6028 371.0000 457.0000  0.3158 760.8426 431.0000 446.0000 -0.2738 686.1296 856.0000 447.0000 -0.3701 561.9290 931.0000 459.0000  0.0000 282.0000
T 134 8  0.0000  0.0000  0.0000  0.0000  0.6425 424.8565 136.0000 278.0000  0.6086 299.6509 172.0000 580.0000  0.4611 550.5814 312.0000 503.0000  0.3887 703.4174 373.0000 470.0000  0.3145 857.7690 432.0000 454.0000 -0.2870 670.6626 866.0000 455.0000 -0.3800 526.2272 939.0000 460.0000  0.0000 283.0000
T 135 8  0.0000  0.0000  0.0000  0.0000  0.0000  0.0000  0.0000  0.0000  0.0000  0.0000  0.0000  0.0000  0.4993 547.5829 278.0000 508.0000  0.4225 669.7524 345.0000 465.0000  0.3502 836.5101 404.0000 457.0000 -0.2591     NaN 845.0000 451.0000 -0.3577 501.3339 921.0000 452.0000  0.0000 284.0000
T 136 8  0.0000  0.0000  0.0000  0.0000  0.0000  0.0000  0.0000  0.0000  0.0000  0.0000  0.0000  0.0000  0.5548 530.1987 226.0000 494.0000  0.0000  0.0000  0.0000  0.0000  0.0000  0.0000  0.0000  0.0000 -0.2214 568.1125 817.0000 440.0000 -0.3195 504.3957 891.0000 443.0000  0.0000 285.0000
T 137 8  0.0000  0.0000  0.0000  0.0000  0.0000  0.0000  0.0000  0.0000  0.0000  0.0000  0.0000  0.0000  0.5569 551.5271 224.0000 501.0000  0.0000  0.0000  0.0000  0.0000  0.0000  0.0000  0.0000  0.0000 -0.2322 528.7891 825.0000 431.0000 -0.3374 477.5984 905.0000 439.0000  0.0000 286.0000
T 138 8  0.0000  0.0000  0.0000  0.0000  0.0000  0.0000  0.0000  0.0000  0.0000  0.0000  0.0000  0.0000  0.5317 505.1556 248.0000 509.0000  0.0000  0.0000  0.0000  0.0000  0.0000  0.0000  0.0000  0.0000 -0.2764 653.5684 858.0000 440.0000 -0.3776 478.9145 937.0000 442.0000  0.0000 287.0000
T 139 8  0.0000  0.0000  0.0000  0.0000  0.0000  0.0000  0.0000  0.0000  0.0000  0.0000  0.0000  0.0000  0.5178 500.3692 261.0000 527.0000  0.0000  0.0000  0.0000  0.0000  0.0000  0.0000  0.0000  0.0000 -0.3105 643.6390 884.0000 460.0000 -0.4189 506.0529 971.0000 458.0000  0.0000 288.0000
T 140 8  0.0000  0.0000  0.0000  0.0000  0.0000  0.0000  0.0000  0.0000  0.0000  0.0000  0.0000  0.0000  0.5548 527.6673 226.0000 517.0000  0.0000  0.0000  0.0000  0.0000  0.0000  0.0000  0.0000  0.0000 -0.2791 641.9968 860.0000 461.0000 -0.3862 476.6708 944.0000 457.0000  0.0000 289.0000
T 141 8  0.0000  0.0000  0.0000  0.0000  0.0000  0.0000  0.0000  0.0000  0.0000  0.0000  0.0000  0.0000  0.5822 504.2221 199.0000 511.0000  0.0000  0.0000  0.0000  0.0000  0.0000  0.0000  0.0000  0.0000 -0.2671 597.9794 851.0000 456.0000 -0.3825 462.9537 941.0000 455.0000  0.0000 290.0000
T 142 8  0.0000  0.0000  0.0000  0.0000  0.0000  0.0000  0.0000  0.0000  0.0000  0.0000  0.0000  0.0000  0.6220 467.9042 158.0000 512.0000  0.0000  0.0000  0.0000  0.0000  0.0000  0.0000  0.0000  0.0000 -0.2241 592.2077 819.0000 462.0000 -0.3526 457.7142 917.0000 450.0000  0.0000 291.0000
T 143 8  0.0000  0.0000  0.0000  0.0000  0.0000  0.0000  0.0000  0.0000  0.0000  0.0000  0.0000  0.0000  0.6028 480.5244 178.0000 516.0000  0.0000  0.0000  0.0000  0.0000  0.0000  0.0000  0.0000  0.0000 -0.2671 617.0643 851.0000 468.0000 -0.4044     NaN 959.0000 450.0000  0.0000 292.0000
T 144 8  0.0000  0.0000  0.0000  0.0000  0.0000  0.0000  0.0000  0.0000  0.0000  0.0000  0.0000  0.0000  0.5506 451.2533 230.0000 525.0000  0.0000  0.0000  0.0000  0.0000  0.0000  0.0000  0.0000  0.0000 -0.3488 448.0710 914.0000 470.0000 -0.4915 437.2228 1034.0000 444.0000  0.0000 293.0000
T 145 8  0.0000  0.0000  0.0000  0.0000  0.0000  0.0000  0.0000  0.0000  0.0000  0.0000  0.0000  0.0000  0.5444 445.5042 236.0000 526.0000  0.0000  0.0000  0.0000  0.0000  0.0000  0.0000  0.0000  0.0000 -0.3874 562.4836 945.0000 480.0000 -0.5338 427.5252 1073.0000 449.0000  0.0000 294.0000
T 146 8  0.0000  0.0000  0.0000  0.0000  0.0000  0.0000  0.0000  0.0000  0.0000  0.0000  0.0000  0.0000  0.5941 427.5115 187.0000 533.0000  0.0000  0.0000  0.0000  0.0000  0.0000  0.0000  0.0000  0.0000 -0.3476 1359.7323 913.0000 474.0000 -0.5080 423.8559 1049.0000 436.0000  0.0000 295.0000
T 147 8  0.0000  0.0000  0.0000  0.0000  0.0000  0.0000  0.0000  0.0000  0.0000  0.0000  0.0000  0.0000  0.6369 1033.8679 142.0000 520.0000  0.0000  0.0000  0.0000  0.0000  0.0000  0.0000  0.0000  0.0000 -0.3349 543.4578 903.0000 476.0000 -0.5069 407.3968 1048.0000 441.0000  0.0000 296.0000
T 148 8  0.0000  0.0000  0.0000  0.0000  0.0000  0.0000  0.0000  0.0000  0.0000  0.0000  0.0000  0.0000  0.5950     NaN 186.0000 508.0000  0.0000  0.0000  0.0000  0.0000  0.0000  0.0000  0.0000  0.0000 -0.4093 418.8877 963.0000 495.0000 -0.5791 413.9639 1117.0000 462.0000  0.0000 297.0000
T 149 8  0.0000  0.0000  0.0000  0.0000  0.0000  0.0000  0.0000  0.0000  0.0000  0.0000  0.0000  0.0000  0.0000  0.0000  0.0000  0.0000  0.0000  0.0000  0.0000  0.0000  0.0000  0.0000  0.0000  0.0000 -0.4272 425.7554 978.0000 486.0000 -0.6086 421.5260 1147.0000 462.0000  0.0000 298.0000
T 150 8  0.0000  0.0000  0.0000  0.0000  0.0000  0.0000  0.0000  0.0000  0.0000  0.0000  0.0000  0.0000  0.6220 409.6251 158.0000 533.0000  0.0000  0.0000  0.0000  0.0000  0.0000  0.0000  0.0000  0.0000 -0.4032 418.8526 958.0000 503.0000 -0.5950 388.2087 1133.0000 477.0000  0.0000 299.0000
T 151 8  0.0000  0.0000  0.0000  0.0000  0.0000  0.0000  0.0000  0.0000  0.0000  0.0000  0.0000  0.0000  0.0000  0.0000  0.0000  0.0000  0.0000  0.0000  0.0000  0.0000  0.0000  0.0000  0.0000  0.0000 -0.3923     NaN 949.0000 505.0000 -0.5940 381.7350 1132.0000 474.0000  0.0000 300.0000
T 152 8  0.0000  0.0000  0.0000  0.0000  0.0000  0.0000  0.0000  0.0000  0.0000  0.0000  0.0000  0.0000  0.0000  0.0000  0.0000  0.0000  0.0000  0.0000  0.0000  0.0000  0.0000  0.0000  0.0000  0.0000 -0.3551 400.7913 919.0000 512.0000 -0.5537 377.2544 1092.0000 463.0000  0.0000 301.0000
T 153 4  0.5852 562.3701 196.0000 542.0000  0.4781 655.6031 297.0000 472.0000 -0.3514 361.1125 916.0000 500.0000 -0.5660 372.3268 1104.0000 508.0000  1.0000 302.0000
T 154 3  0.5454 508.8366 235.0000 538.0000  0.4344 609.4899 335.0000 472.0000 -0.4117 455.0925 965.0000 506.0000  0.0000 303.0000
T 155 3  0.5370 501.5258 243.0000 527.0000  0.4225 631.5219 345.0000 468.0000 -0.4390 446.3974 988.0000 508.0000  0.0000 304.0000
T 156 3  0.5465 499.4902 234.0000 525.0000  0.4367 605.3711 333.0000 476.0000 -0.4541 454.9277 1001.0000 517.0000  0.0000 305.0000
T 157 3  0.5579 499.7337 223.0000 513.0000  0.4414 603.8898 329.0000 472.0000 -0.4529 449.4297 1000.0000 519.0000  0.0000 306.0000
T 158 3  0.5832 472.7497 198.0000 510.0000  0.4679 580.2642 306.0000 473.0000 -0.4471 459.0685 995.0000 520.0000  0.0000 307.0000
T 159 3  0.5402 471.9349 240.0000 507.0000  0.4154 566.4654 351.0000 467.0000 -0.5242 448.2054 1064.0000 527.0000  0.0000 308.0000
T 160 3  0.5146 442.1929 264.0000 485.0000  0.3912 601.1271 371.0000 466.0000 -0.5690 463.3979 1107.0000 519.0000  0.0000 309.0000
T 161 3  0.5548 448.6422 226.0000 493.0000  0.4261 556.9024 342.0000 470.0000 -0.5359 447.8540 1075.0000 511.0000  0.0000 310.0000
T 162 3  0.6173 444.1115 163.0000 514.0000  0.4804 563.2496 295.0000 487.0000 -0.5058 411.6463 1047.0000 525.0000  0.0000 311.0000
T 163 3  0.6470 448.3459 131.0000 515.0000  0.5059 555.9436 272.0000 485.0000 -0.4959 410.0675 1038.0000 537.0000  0.0000 312.0000
T 164 3  0.6406 426.8414 138.0000 530.0000  0.4938 537.9740 283.0000 499.0000 -0.5359 433.1592 1075.0000 557.0000  0.0000 313.0000
T 165 3  0.6163 395.1134 164.0000 529.0000  0.4679 530.2343 306.0000 496.0000 -0.5861 407.3968 1124.0000 572.0000  0.0000 314.0000
T 166 3  0.6048 426.9753 176.0000 518.0000  0.4519 525.6703 320.0000 504.0000 -0.6153 412.7989 1154.0000 576.0000  0.0000 315.0000
T 167 2  0.6258 404.9951 154.0000 537.0000  0.4576 524.7698 315.0000 508.0000  0.0000 316.0000
T 168 7  0.0000  0.0000  0.0000  0.0000  0.4938 523.6069 283.0000 517.0000  0.4472 607.5045 324.0000 479.0000  0.4021 683.9194 362.0000 488.0000  0.4021 699.7247 362.0000 465.0000 -0.2118 804.7971 810.0000 438.0000 -0.3850 516.1804 943.0000 481.0000  1.0000 317.0000
T 169 7  0.0000  0.0000  0.0000  0.0000  0.5360 503.5838 244.0000 513.0000  0.4882 604.7297 288.0000 481.0000  0.4379 1279.5295 332.0000 468.0000  0.4344     NaN 335.0000 459.0000 -0.1857 779.1478 791.0000 419.0000 -0.3501 511.1656 915.0000 467.0000  0.0000 318.0000
T 170 7  0.0000  0.0000  0.0000  0.0000  0.5168 508.8389 262.0000 525.0000  0.4599 583.8599 313.0000 473.0000  0.4130 652.8737 353.0000 479.0000  0.4142 165.4732 352.0000 470.0000 -0.2268 757.7598 821.0000 435.0000 -0.3960 509.2292 952.0000 477.0000  0.0000 319.0000
T 171 7  0.0000  0.0000  0.0000  0.0000  0.4971 493.9376 280.0000 504.0000  0.4367 564.6641 333.0000 462.0000  0.3838 648.9873 377.0000 467.0000  0.3863 161.5872 375.0000 460.0000 -0.2551 763.1532 842.0000 420.0000 -0.4354 499.7337 985.0000 461.0000  0.0000 320.0000
T 172 7  0.0000  0.0000  0.0000  0.0000  0.4849 480.5968 291.0000 498.0000  0.4320 565.1699 337.0000 455.0000  0.3826     NaN 378.0000 467.0000  0.3826 573.7737 378.0000 465.0000 -0.2671 751.6848 851.0000 418.0000 -0.4541 512.2783 1001.0000 453.0000  0.0000 321.0000
T 173 7  0.0000  0.0000  0.0000  0.0000  0.5124 481.0182 266.0000 489.0000  0.4553 563.2650 317.0000 451.0000  0.4046 605.6393 360.0000 465.0000  0.4046     NaN 360.0000 468.0000 -0.2471 753.7658 836.0000 414.0000 -0.4413 496.4527 990.0000 444.0000  0.0000 322.0000
T 174 7  0.0000  0.0000  0.0000  0.0000  0.5444 472.0129 236.0000 495.0000  0.4860 562.3701 290.0000 463.0000  0.4344 173.3056 335.0000 477.0000  0.4344 155.9730 335.0000 476.0000 -0.2241 745.3245 819.0000 431.0000 -0.4295 491.8564 980.0000 463.0000  0.0000 323.0000
T 175 7  0.0000  0.0000  0.0000  0.0000  0.5691 468.8754 212.0000 490.0000  0.5157 565.2368 263.0000 463.0000  0.4530 599.7809 319.0000 474.0000  0.4530 596.2694 319.0000 473.0000 -0.2036 766.8109 804.0000 414.0000 -0.4044 474.9165 959.0000 445.0000  0.0000 324.0000
T 176 7  0.0000  0.0000  0.0000  0.0000  0.5423 468.4641 238.0000 495.0000  0.4826 559.5905 293.0000 465.0000  0.4261     NaN 342.0000 484.0000  0.4261     NaN 342.0000 483.0000 -0.2471 759.9069 836.0000 424.0000 -0.4598 448.9679 1006.0000 446.0000  0.0000 325.0000
T 177 6  0.0000  0.0000  0.0000  0.0000  0.5189 448.6422 260.0000 478.0000  0.4588 560.0503 314.0000 454.0000  0.3949 630.9209 368.0000 470.0000  0.3949 592.5328 368.0000 476.0000 -0.2857 671.8499 865.0000 422.0000  0.0000 326.0000
T 178 7  0.0000  0.0000  0.0000  0.0000  0.5339 448.6422 246.0000 475.0000  0.4702 552.8901 304.0000 454.0000  0.4118 599.0731 354.0000 475.0000  0.4118 598.9952 354.0000 474.0000 -0.2791 654.5786 860.0000 419.0000 -0.4970 580.3878 1039.0000 430.0000  0.0000 327.0000
T 179 6  0.0000  0.0000  0.0000  0.0000  0.0000  0.0000  0.0000  0.0000  0.0000  0.0000  0.0000  0.0000  0.4332 752.7908 336.0000 447.0000  0.4332 751.8400 336.0000 446.0000 -0.2009 651.9775 802.0000 429.0000  0.0000 328.0000
T 180 6  0.0000  0.0000  0.0000  0.0000  0.0000  0.0000  0.0000  0.0000  0.0000  0.0000  0.0000  0.0000  0.0000  0.0000  0.0000  0.0000  0.0000  0.0000  0.0000  0.0000 -0.1468 666.1885 763.0000 436.0000  0.0000 329.0000
T 181 5  0.5802 518.7434 201.0000 513.0000  0.5124 596.6432 266.0000 503.0000  0.4461 766.5068 325.0000 466.0000 -0.3476 489.1499 913.0000 490.0000 -0.4390 424.4202 988.0000 488.0000  1.0000 330.0000
T 182 5  0.5454 499.7337 235.0000 503.0000  0.0000  0.0000  0.0000  0.0000  0.4679 564.6021 306.0000 493.0000 -0.4117 477.6118 965.0000 484.0000 -0.5123 405.1185 1053.0000 493.0000  0.0000 331.0000
T 183 5  0.5640 499.7337 217.0000 511.0000  0.0000  0.0000  0.0000  0.0000  0.4904 553.6202 286.0000 502.0000 -0.4093 471.2802 963.0000 492.0000 -0.5134 407.3968 1054.0000 505.0000  0.0000 332.0000
T 184 5  0.5681 496.1859 213.0000 512.0000  0.0000  0.0000  0.0000  0.0000  0.4882 536.6978 288.0000 499.0000 -0.4378 497.8750 987.0000 486.0000 -0.5443 414.7470 1083.0000 498.0000  0.0000 333.0000
T 185 5  0.6134 494.4317 167.0000 500.0000  0.0000  0.0000  0.0000  0.0000  0.5307 557.1785 249.0000 491.0000 -0.4069 441.1832 961.0000 474.0000 -0.5188 409.6471 1059.0000 485.0000  0.0000 334.0000
T 186 5  0.6342 496.9601 145.0000 500.0000  0.0000  0.0000  0.0000  0.0000  0.5527 533.8552 228.0000 499.0000 -0.3923 448.6422 949.0000 484.0000 -0.5091 397.7621 1050.0000 493.0000  0.0000 335.0000
T 187 5  0.5732 466.5338 208.0000 516.0000  0.0000  0.0000  0.0000  0.0000  0.0000  0.0000  0.0000  0.0000 -0.4735 448.6422 1018.0000 505.0000 -0.6066 369.6902 1145.0000 498.0000  0.0000 336.0000
T 188 4  0.0000  0.0000  0.0000  0.0000  0.0000  0.0000  0.0000  0.0000  0.0000  0.0000  0.0000  0.0000 -0.5568 446.1035 1095.0000 497.0000  0.0000 337.0000
T 189 7  0.0000  0.0000  0.0000  0.0000  0.5015 449.9358 276.0000 538.0000  0.4154 510.3662 351.0000 523.0000  0.3312 638.3288 419.0000 477.0000 -0.3960 646.0768 952.0000 454.0000 -0.5069 501.7372 1048.0000 459.0000 -0.5761 447.2206 1114.0000 523.0000  1.0000 338.0000
T 190 7  0.0000  0.0000  0.0000  0.0000  0.0000  0.0000  0.0000  0.0000  0.4725 497.9532 302.0000 543.0000  0.3826 640.5935 378.0000 487.0000 -0.3488 624.4056 914.0000 460.0000 -0.4621 497.9532 1008.0000 469.0000 -0.5401 444.9333 1079.0000 527.0000  0.0000 339.0000
T 191 7  0.0000  0.0000  0.0000  0.0000  0.0000  0.0000  0.0000  0.0000  0.5221 499.2211 257.0000 532.0000  0.4285 640.7012 340.0000 485.0000 -0.3156 643.8203 888.0000 456.0000 -0.4413 478.3347 990.0000 453.0000 -0.5188 423.6282 1059.0000 527.0000  0.0000 340.0000
T 192 7  0.0000  0.0000  0.0000  0.0000  0.0000  0.0000  0.0000  0.0000  0.5370 496.4744 243.0000 524.0000  0.4437 640.2722 327.0000 479.0000 -0.3182 610.0451 890.0000 450.0000 -0.4494 472.6523 997.0000 453.0000 -0.5295 406.9971 1069.0000 518.0000  0.0000 341.0000
T 193 7  0.0000  0.0000  0.0000  0.0000  0.0000  0.0000  0.0000  0.0000  0.5037 497.1261 274.0000 513.0000  0.4058 618.0632 359.0000 469.0000 -0.3714 605.4433 932.0000 454.0000 -0.5058 469.3130 1047.0000 463.0000 -0.5861 406.2356 1124.0000 517.0000  0.0000 342.0000
T 194 7  0.0000  0.0000  0.0000  0.0000  0.0000  0.0000  0.0000  0.0000  0.5146 476.3838 264.0000 505.0000  0.4118 603.1266 354.0000 459.0000 -0.3776 603.8757 937.0000 449.0000 -0.5167 456.1619 1057.0000 464.0000 -0.5979 393.8527 1136.0000 509.0000  0.0000 343.0000
T 195 7  0.0000  0.0000  0.0000  0.0000  0.0000  0.0000  0.0000  0.0000  0.5506 465.8350 230.0000 541.0000  0.4437 563.7797 327.0000 493.0000 -0.3614 583.7440 924.0000 470.0000 -0.5025 443.0519 1044.0000 488.0000 -0.5969 391.0063 1135.0000 522.0000  0.0000 344.0000
T 196 7  0.0000  0.0000  0.0000  0.0000  0.0000  0.0000  0.0000  0.0000  0.5701 470.3502 211.0000 543.0000  0.4679 561.1724 306.0000 493.0000 -0.3564 569.8584 920.0000 474.0000 -0.5091 446.5414 1050.0000 492.0000 -0.6066 378.5766 1145.0000 528.0000  0.0000 345.0000
T 197 5  0.0000  0.0000  0.0000  0.0000  0.0000  0.0000  0.0000  0.0000  0.5423 447.2206 238.0000 546.0000  0.4320 571.5512 337.0000 491.0000 -0.4129 568.2133 966.0000 466.0000  0.0000 346.0000
T 198 5  0.0000  0.0000  0.0000  0.0000  0.0000  0.0000  0.0000  0.0000  0.5589 466.0868 222.0000 526.0000  0.4426 568.6843 328.0000 473.0000 -0.4081 558.8701 962.0000 463.0000  0.0000 347.0000
T 199 5  0.0000  0.0000  0.0000  0.0000  0.0000  0.0000  0.0000  0.0000  0.5620 451.9075 219.0000 520.0000  0.4484 555.2917 323.0000 474.0000 -0.4224 561.5760 974.0000 447.0000  0.0000 348.0000
T 200 5  0.0000  0.0000  0.0000  0.0000  0.0000  0.0000  0.0000  0.0000  0.6077 445.1348 173.0000 525.0000  0.4871 530.1405 289.0000 464.0000 -0.3947 547.1450 951.0000 444.0000  0.0000 349.0000
T 201 5  0.0000  0.0000  0.0000  0.0000  0.0000  0.0000  0.0000  0.0000  0.6641 428.8625 112.0000 507.0000  0.5423 557.8394 238.0000 447.0000 -0.3589 525.1474 922.0000 442.0000  0.0000 350.0000
T 202 5  0.0000  0.0000  0.0000  0.0000  0.0000  0.0000  0.0000  0.0000  0.6641 426.9166 112.0000 501.0000  0.5413 539.3888 239.0000 420.0000 -0.3874 505.5977 945.0000 426.0000  0.0000 351.0000
T 203 5  0.0000  0.0000  0.0000  0.0000  0.0000  0.0000  0.0000  0.0000  0.6497 424.0463 128.0000 515.0000  0.5124 570.6613 266.0000 461.0000 -0.4295 506.3590 980.0000 432.0000  0.0000 352.0000
T 204 5  0.0000  0.0000  0.0000  0.0000  0.0000  0.0000  0.0000  0.0000  0.6516 408.3081 126.0000 499.0000  0.5092 536.5073 269.0000 454.0000 -0.4494 475.6466 997.0000 432.0000  0.0000 353.0000
T 205 5  0.0000  0.0000  0.0000  0.0000  0.0000  0.0000  0.0000  0.0000  0.0000  0.0000  0.0000  0.0000  0.5882 639.4064 193.0000 472.0000 -0.3947 484.0925 951.0000 444.0000  0.0000 354.0000
T 206 4  0.6641     NaN 112.0000 385.0000  0.5941     NaN 187.0000 388.0000  0.4142 645.5549 352.0000 443.0000 -0.4224 472.4970 974.0000 469.0000  1.0000 355.0000
T 207 4  0.0000  0.0000  0.0000  0.0000  0.5661 472.8773 215.0000 391.0000  0.3789 649.6769 381.0000 447.0000 -0.4892 468.9957 1032.0000 474.0000  0.0000 356.0000
T 208 4  0.0000  0.0000  0.0000  0.0000  0.6248     NaN 155.0000 371.0000  0.4225 649.6522 345.0000 438.0000 -0.4529 448.7363 1000.0000 459.0000  0.0000 357.0000
T 209 4  0.0000  0.0000  0.0000  0.0000  0.0000  0.0000  0.0000  0.0000  0.4426 642.8005 328.0000 451.0000 -0.4552 448.6422 1002.0000 492.0000  0.0000 358.0000
T 210 4  0.0000  0.0000  0.0000  0.0000  0.0000  0.0000  0.0000  0.0000  0.4949 604.2000 282.0000 426.0000 -0.4105 429.7238 964.0000 481.0000  0.0000 359.0000
T 211 3  0.6286 449.6342 151.0000 517.0000  0.4495 600.8962 322.0000 483.0000 -0.2988 604.8646 875.0000 483.0000  1.0000 360.0000
T 212 3  0.5970 452.4281 184.0000 530.0000  0.4021 572.3153 362.0000 486.0000 -0.3677 596.3557 929.0000 479.0000  0.0000 361.0000
T 213 3  0.6173 443.3250 163.0000 524.0000  0.4178 590.6141 349.0000 471.0000 -0.3689 598.2814 930.0000 475.0000  0.0000 362.0000
T 214 3  0.6543 448.6422 123.0000 538.0000  0.4461 556.6178 325.0000 485.0000 -0.3514 571.6536 916.0000 484.0000  0.0000 363.0000
T 215 3  0.0000  0.0000  0.0000  0.0000  0.0000  0.0000  0.0000  0.0000 -0.3066 563.1846 881.0000 480.0000  0.0000 364.0000
T 216 4  0.4736 566.5588 301.0000 512.0000  0.3887 758.6569 373.0000 480.0000 -0.3438 564.6641 910.0000 495.0000 -0.5751 458.3826 1113.0000 541.0000  1.0000 365.0000
T 217 3  0.0000  0.0000  0.0000  0.0000  0.0000  0.0000  0.0000  0.0000 -0.4189 558.6266 971.0000 477.0000  0.0000 366.0000
T 218 5  0.6434 411.6221 135.0000 567.0000  0.5852 443.0117 196.0000 344.0000  0.4166 560.2111 350.0000 486.0000  0.3261 706.8934 423.0000 470.0000 -0.4236 551.4727 975.0000 493.0000  1.0000 367.0000
T 219 6  0.0000  0.0000  0.0000  0.0000  0.0000  0.0000  0.0000  0.0000  0.0000  0.0000  0.0000  0.0000  0.0000  0.0000  0.0000  0.0000 -0.3899 516.6404 947.0000 477.0000 -0.6331 384.4272 1173.0000 535.0000  0.0000 368.0000
T 220 7  0.0000  0.0000  0.0000  0.0000  0.0000  0.0000  0.0000  0.0000  0.0000  0.0000  0.0000  0.0000  0.0000  0.0000  0.0000  0.0000  0.0000  0.0000  0.0000  0.0000  0.0000  0.0000  0.0000  0.0000 -0.2870 536.1246 866.0000 486.0000  1.0000 369.0000
T 221 5  0.5486 562.7621 232.0000 512.0000  0.4484 710.7385 323.0000 490.0000  0.3924 936.9067 370.0000 474.0000 -0.3156 512.4044 888.0000 487.0000 -0.5831 373.4057 1121.0000 538.0000  1.0000 370.0000
T 222 4  0.0000  0.0000  0.0000  0.0000  0.0000  0.0000  0.0000  0.0000  0.0000  0.0000  0.0000  0.0000 -0.4224 517.7982 974.0000 479.0000  0.0000 371.0000
T 223 5  0.0000  0.0000  0.0000  0.0000  0.4804 596.2819 295.0000 535.0000  0.3814 703.2522 379.0000 494.0000  0.3209 843.1704 427.0000 468.0000 -0.4008 542.3054 956.0000 469.0000  1.0000 372.0000
T 224 5  0.0000  0.0000  0.0000  0.0000  0.0000  0.0000  0.0000  0.0000  0.0000  0.0000  0.0000  0.0000  0.0000  0.0000  0.0000  0.0000 -0.3652 502.9467 927.0000 468.0000  0.0000 373.0000
T 225 5  0.0000  0.0000  0.0000  0.0000  0.0000  0.0000  0.0000  0.0000  0.0000  0.0000  0.0000  0.0000 -0.3040 499.7337 879.0000 509.0000 -0.6018 338.9162 1140.0000 577.0000  1.0000 374.0000
T 226 5  0.0000  0.0000  0.0000  0.0000  0.0000  0.0000  0.0000  0.0000  0.0000  0.0000  0.0000  0.0000 -0.1580 633.9337 771.0000 462.0000 -0.2764 480.8500 858.0000 490.0000  1.0000 375.0000
T 227 5  0.0000  0.0000  0.0000  0.0000  0.5168 804.1035 262.0000 464.0000  0.5168 693.3387 262.0000 533.0000  0.4472 768.6280 324.0000 513.0000 -0.3234 472.6582 894.0000 518.0000  1.0000 376.0000
T 228 5  0.0000  0.0000  0.0000  0.0000  0.5486 509.5078 232.0000 452.0000  0.5370 649.9232 243.0000 512.0000  0.4656 790.6101 308.0000 499.0000 -0.3195 449.8571 891.0000 501.0000  0.0000 377.0000
T 229 5  0.0000  0.0000  0.0000  0.0000  0.0000  0.0000  0.0000  0.0000  0.0000  0.0000  0.0000  0.0000  0.0000  0.0000  0.0000  0.0000 -0.2645 427.6188 849.0000 513.0000  0.0000 378.0000
T 230 6  0.6163 703.1548 164.0000 525.0000  0.5413 771.7093 239.0000 479.0000  0.4904 959.9078 286.0000 463.0000  0.4472 1117.4777 324.0000 445.0000 -0.2896 426.9753 868.0000 499.0000 -0.3886 382.0023 946.0000 545.0000  1.0000 379.0000
T 232 6  0.0000  0.0000  0.0000  0.0000  0.0000  0.0000  0.0000  0.0000  0.5157 613.0211 263.0000 575.0000  0.0000  0.0000  0.0000  0.0000  0.3261 1054.7080 423.0000 484.0000 -0.4552 406.9156 1002.0000 534.0000  1.0000 381.0000
T 233 6  0.0000  0.0000  0.0000  0.0000  0.0000  0.0000  0.0000  0.0000  0.0000  0.0000  0.0000  0.0000  0.0000  0.0000  0.0000  0.0000  0.0000  0.0000  0.0000  0.0000 -0.4044 390.6823 959.0000 529.0000  0.0000 382.0000
T 234 3  0.0000  0.0000  0.0000  0.0000  0.0000  0.0000  0.0000  0.0000 -0.4093 382.0331 963.0000 549.0000  1.0000 383.0000
T 235 4  0.0000  0.0000  0.0000  0.0000  0.4826 713.5320 293.0000 553.0000  0.3740 1035.0643 385.0000 513.0000 -0.4575 376.4462 1004.0000 545.0000  1.0000 384.0000
T 236 4  0.0000  0.0000  0.0000  0.0000  0.4656 703.4079 308.0000 539.0000  0.3565 1043.8230 399.0000 492.0000 -0.4848 363.4101 1028.0000 480.0000  0.0000 385.0000
T 237 4  0.5599 603.7297 221.0000 580.0000  0.4656 683.8383 308.0000 525.0000  0.3527 1036.9480 402.0000 493.0000 -0.5112 362.4415 1052.0000 488.0000  0.0000 386.0000
T 238 4  0.0000  0.0000  0.0000  0.0000  0.0000  0.0000  0.0000  0.0000  0.0000  0.0000  0.0000  0.0000 -0.4937 357.7561 1036.0000 493.0000  0.0000 387.0000
T 239 8  0.0000  0.0000  0.0000  0.0000  0.0000  0.0000  0.0000  0.0000  0.5221 657.7049 257.0000 565.0000  0.4484 830.0616 323.0000 532.0000  0.3997 964.3020 364.0000 520.0000  0.0000  0.0000  0.0000  0.0000 -0.5188 344.7766 1059.0000 519.0000 -0.6304 232.9088 1170.0000 408.0000  1.0000 388.0000
T 240 8  0.0000  0.0000  0.0000  0.0000  0.0000  0.0000  0.0000  0.0000  0.5517 658.6777 229.0000 563.0000  0.4815 829.1359 294.0000 521.0000  0.4296 1054.7080 339.0000 514.0000  0.0000  0.0000  0.0000  0.0000 -0.5199 339.4120 1060.0000 495.0000 -0.6405 224.5824 1181.0000 367.0000  0.0000 389.0000
T 241 7  0.0000  0.0000  0.0000  0.0000  0.0000  0.0000  0.0000  0.0000  0.5189 649.9232 260.0000 561.0000  0.4391 773.6494 331.0000 534.0000  0.3851 949.3890 376.0000 520.0000  0.0000  0.0000  0.0000  0.0000 -0.5979 324.7215 1136.0000 512.0000  0.0000 390.0000
T 243 5  0.0000  0.0000  0.0000  0.0000  0.0000  0.0000  0.0000  0.0000  0.4860 606.8927 290.0000 569.0000  0.4070 771.2596 358.0000 532.0000  0.3553 948.9792 400.0000 520.0000  1.0000 392.0000
T 244 5  0.0000  0.0000  0.0000  0.0000  0.0000  0.0000  0.0000  0.0000  0.5026 574.0378 275.0000 559.0000  0.4213 722.5931 346.0000 528.0000  0.3578 947.5444 398.0000 508.0000  0.0000 393.0000
T 245 4  0.0000  0.0000  0.0000  0.0000  0.0000  0.0000  0.0000  0.0000  0.0000  0.0000  0.0000  0.0000  0.3665 709.7623 391.0000 519.0000  0.0000 394.0000
T 246 3  0.0000  0.0000  0.0000  0.0000  0.4130 531.4999 353.0000 554.0000  0.2579 843.2617 475.0000 499.0000  1.0000 395.0000
T 247 3  0.0000  0.0000  0.0000  0.0000  0.4553 552.8040 317.0000 572.0000  0.2950 815.6608 447.0000 509.0000  1.0000 396.0000
T 248 5  0.0000  0.0000  0.0000  0.0000  0.0000  0.0000  0.0000  0.0000  0.0000  0.0000  0.0000  0.0000  0.3949 702.8420 368.0000 561.0000  0.3261 855.6408 423.0000 541.0000  1.0000 397.0000
T 249 5  0.6479 425.0782 130.0000 525.0000  0.0000  0.0000  0.0000  0.0000  0.4691 514.4698 305.0000 573.0000  0.3653 659.5604 392.0000 535.0000  0.3015 832.4240 442.0000 508.0000  1.0000 398.0000
T 250 5  0.0000  0.0000  0.0000  0.0000  0.0000  0.0000  0.0000  0.0000  0.0000  0.0000  0.0000  0.0000  0.3603 648.2879 396.0000 540.0000  0.2831 831.5068 456.0000 524.0000  0.0000 399.0000
T 251 6  0.0000  0.0000  0.0000  0.0000  0.0000  0.0000  0.0000  0.0000  0.0000  0.0000  0.0000  0.0000  0.3363 662.0767 415.0000 568.0000  0.2606 764.2100 473.0000 543.0000 -0.4117 445.9675 965.0000 496.0000  1.0000 400.0000
T 252 6  0.0000  0.0000  0.0000  0.0000  0.0000  0.0000  0.0000  0.0000  0.0000  0.0000  0.0000  0.0000  0.3814 580.7434 379.0000 568.0000  0.3041 766.8109 440.0000 529.0000 -0.3800 492.0396 939.0000 479.0000  0.0000 401.0000
T 253 6  0.0000  0.0000  0.0000  0.0000  0.0000  0.0000  0.0000  0.0000  0.0000  0.0000  0.0000  0.0000  0.0000  0.0000  0.0000  0.0000  0.3337 733.1016 417.0000 562.0000 -0.3763 516.3083 936.0000 501.0000  0.0000 402.0000
T 254 8  0.0000  0.0000  0.0000  0.0000  0.0000  0.0000  0.0000  0.0000  0.0000  0.0000  0.0000  0.0000  0.0000  0.0000  0.0000  0.0000  0.3851 758.1461 376.0000 570.0000 -0.3400 422.9950 907.0000 502.0000  0.0000  0.0000  0.0000  0.0000 -0.5639 716.5485 1102.0000 579.0000  1.0000 403.0000
T 255 5  0.0000  0.0000  0.0000  0.0000  0.0000  0.0000  0.0000  0.0000  0.0000  0.0000  0.0000  0.0000  0.0000  0.0000  0.0000  0.0000  0.3299 739.3603 420.0000 542.0000  0.0000 404.0000
T 256 7  0.5832 413.4024 198.0000 290.0000  0.5752 357.7391 206.0000 500.0000  0.0000  0.0000  0.0000  0.0000  0.0000  0.0000  0.0000  0.0000  0.3106 707.1514 435.0000 556.0000  0.2432 911.5283 486.0000 517.0000 -0.4518 387.3213 999.0000 495.0000  1.0000 405.0000
T 257 7  0.6267 404.7836 153.0000 275.0000  0.0000  0.0000  0.0000  0.0000  0.0000  0.0000  0.0000  0.0000  0.0000  0.0000  0.0000  0.0000  0.3376 594.2193 414.0000 553.0000  0.2765 853.5091 461.0000 522.0000 -0.4354 369.7602 985.0000 492.0000  0.0000 406.0000
T 258 7  0.6641 409.9727 112.0000 217.0000  0.0000  0.0000  0.0000  0.0000  0.0000  0.0000  0.0000  0.0000  0.0000  0.0000  0.0000  0.0000  0.3715     NaN 387.0000 526.0000  0.3054 836.6307 439.0000 502.0000 -0.4189 503.4853 971.0000 497.0000  0.0000 407.0000
T 259 7  0.0000  0.0000  0.0000  0.0000  0.0000  0.0000  0.0000  0.0000  0.0000  0.0000  0.0000  0.0000  0.5243 533.7766 255.0000 564.0000  0.4190 647.3035 348.0000 505.0000  0.3540 813.3594 401.0000 483.0000 -0.3825     NaN 941.0000 482.0000  0.0000 408.0000
T 260 7  0.0000  0.0000  0.0000  0.0000  0.0000  0.0000  0.0000  0.0000  0.0000  0.0000  0.0000  0.0000  0.5254 780.0309 254.0000 565.0000  0.4178 678.7736 349.0000 509.0000  0.3464 817.1553 407.0000 487.0000 -0.4020 934.7523 957.0000 477.0000  0.0000 409.0000
T 261 6  0.0000  0.0000  0.0000  0.0000  0.0000  0.0000  0.0000  0.0000  0.0000  0.0000  0.0000  0.0000  0.4759 503.3476 299.0000 559.0000  0.3653 658.2029 392.0000 536.0000  0.2884 829.5692 452.0000 505.0000  0.0000 410.0000
