T 1 3  0.0000  0.0000  0.0000  0.0000  0.3789 536.7591 381.0000 548.0000  0.2712 702.6464 465.0000 498.0000  1.0000 420.0000
T 2 4  0.0000  0.0000  0.0000  0.0000  0.4656 512.4854 308.0000 540.0000  0.3464 649.9232 407.0000 484.0000  0.2310 1054.7080 495.0000 453.0000  0.0000 421.0000
T 3 4  0.0000  0.0000  0.0000  0.0000  0.5349 522.6360 245.0000 560.0000  0.4082 687.5100 357.0000 495.0000  0.3363 848.9500 415.0000 473.0000  1.0000 422.0000
T 4 4  0.0000  0.0000  0.0000  0.0000  0.5157 499.7337 263.0000 518.0000  0.3863 649.9232 375.0000 464.0000  0.3145 835.9098 432.0000 437.0000  0.0000 423.0000
T 5 5  0.6824 407.4741 91.0000 564.0000  0.4837 475.5902 292.0000 482.0000  0.3452 621.0900 408.0000 443.0000  0.2672 832.7830 468.0000 418.0000 -0.6114 375.1485 1150.0000 546.0000  0.0000 424.0000
T 6 5  0.0000  0.0000  0.0000  0.0000  0.5296 473.1280 250.0000 497.0000  0.3826 604.6326 378.0000 449.0000  0.3028 862.2519 441.0000 432.0000 -0.6047 377.1962 1143.0000 544.0000  0.0000 425.0000
T 7 5  0.0000  0.0000  0.0000  0.0000  0.5640 468.5346 217.0000 532.0000  0.4094 649.9232 356.0000 478.0000  0.3248 847.0110 424.0000 469.0000 -0.6095 357.2585 1148.0000 578.0000  0.0000 426.0000
T 8 4  0.0000  0.0000  0.0000  0.0000  0.5802 448.3658 201.0000 528.0000  0.4178 604.2000 349.0000 477.0000  0.3312 789.7945 419.0000 457.0000  0.0000 427.0000
T 9 4  0.0000  0.0000  0.0000  0.0000  0.5189 429.7324 260.0000 547.0000  0.3565 569.7666 399.0000 497.0000  0.2672 756.6101 468.0000 466.0000  0.0000 428.0000
T 10 4  0.0000  0.0000  0.0000  0.0000  0.0000  0.0000  0.0000  0.0000  0.3777 591.2422 382.0000 491.0000  0.2858 784.1724 454.0000 469.0000  0.0000 429.0000
T 11 4  0.0000  0.0000  0.0000  0.0000  0.5610 396.0089 220.0000 533.0000  0.3912 562.7310 371.0000 465.0000  0.2963 704.8754 446.0000 464.0000  0.0000 430.0000
T 12 4  0.0000  0.0000  0.0000  0.0000  0.0000  0.0000  0.0000  0.0000  0.4507 548.2190 321.0000 492.0000  0.3452 756.3854 408.0000 492.0000  0.0000 431.0000
T 13 7  0.0000  0.0000  0.0000  0.0000  0.4815 591.5111 294.0000 523.0000  0.3764 771.8395 383.0000 495.0000  0.2765 1040.5793 461.0000 462.0000 -0.2064 772.8913 806.0000 434.0000  0.0000  0.0000  0.0000  0.0000 -0.5369 389.5697 1076.0000 536.0000  1.0000 432.0000
T 14 7  0.0000  0.0000  0.0000  0.0000  0.4379 550.7097 332.0000 532.0000  0.3337 698.0740 417.0000 488.0000  0.2324 1085.4207 494.0000 467.0000 -0.2645 838.1130 849.0000 444.0000  0.0000  0.0000  0.0000  0.0000 -0.6105 382.5598 1149.0000 543.0000  0.0000 433.0000
T 15 5  0.0000  0.0000  0.0000  0.0000  0.4094 555.6174 356.0000 525.0000  0.2963 704.5435 446.0000 483.0000  0.1941 1052.0453 522.0000 459.0000 -0.3118 812.4418 885.0000 436.0000  0.0000 434.0000
T 16 5  0.0000  0.0000  0.0000  0.0000  0.4379 548.8368 332.0000 546.0000  0.3209 668.0398 427.0000 511.0000  0.2120 1098.5726 509.0000 475.0000 -0.2948 808.5147 872.0000 456.0000  0.0000 435.0000
T 17 5  0.0000  0.0000  0.0000  0.0000  0.4576 530.1405 315.0000 523.0000  0.3477 651.4116 406.0000 505.0000  0.2351 1040.4568 492.0000 465.0000 -0.2857 776.6843 865.0000 449.0000  0.0000 436.0000
T 18 5  0.0000  0.0000  0.0000  0.0000  0.4725 510.7875 302.0000 526.0000  0.3490 643.4617 405.0000 512.0000  0.2351 945.3332 492.0000 462.0000 -0.2896 767.3319 868.0000 448.0000  0.0000 437.0000
T 19 5  0.0000  0.0000  0.0000  0.0000  0.4588 487.4738 314.0000 526.0000  0.3273 631.5977 422.0000 526.0000  0.2106 954.9385 510.0000 469.0000 -0.3285     NaN 898.0000 460.0000  0.0000 438.0000
T 20 5  0.0000  0.0000  0.0000  0.0000  0.4770 467.1170 298.0000 509.0000  0.3464 633.8515 407.0000 514.0000  0.2188 953.1140 504.0000 458.0000 -0.3234 733.9949 894.0000 450.0000  0.0000 439.0000
T 21 5  0.0000  0.0000  0.0000  0.0000  0.5092 472.7497 269.0000 518.0000  0.3678 620.5988 390.0000 537.0000  0.2432 936.9067 486.0000 473.0000 -0.3092 712.1208 883.0000 471.0000  0.0000 440.0000
T 22 5  0.0000  0.0000  0.0000  0.0000  0.5620 451.1804 219.0000 525.0000  0.4202 607.6311 347.0000 541.0000  0.2858 936.9067 454.0000 476.0000 -0.2671 695.4706 851.0000 480.0000  0.0000 441.0000
T 23 5  0.0000  0.0000  0.0000  0.0000  0.5842 454.5247 197.0000 544.0000  0.4296 628.8483 339.0000 545.0000  0.2910 932.8007 450.0000 481.0000 -0.2764 655.4476 858.0000 482.0000  0.0000 442.0000
T 24 5  0.0000  0.0000  0.0000  0.0000  0.5486 439.8006 232.0000 529.0000  0.3875 599.5650 374.0000 517.0000  0.0000  0.0000  0.0000  0.0000 -0.3285 652.1588 898.0000 475.0000  0.0000 443.0000
T 25 5  0.0000  0.0000  0.0000  0.0000  0.4449 565.0671 326.0000 563.0000  0.4033 685.7440 361.0000 516.0000  0.2989 922.5563 444.0000 501.0000 -0.2857 662.4942 865.0000 482.0000  1.0000 444.0000
T 26 5  0.0000  0.0000  0.0000  0.0000  0.5059 564.2616 272.0000 549.0000  0.4634 689.2034 310.0000 505.0000  0.3615 881.7123 395.0000 490.0000 -0.2403 649.9232 831.0000 481.0000  1.0000 445.0000
T 27 5  0.0000  0.0000  0.0000  0.0000  0.5113 530.3758 267.0000 558.0000  0.4702 662.6190 304.0000 504.0000  0.3640 917.0624 393.0000 490.0000 -0.2511 647.8370 839.0000 466.0000  0.0000 446.0000
T 28 5  0.0000  0.0000  0.0000  0.0000  0.4781 529.4572 297.0000 550.0000  0.4285 649.9232 340.0000 514.0000  0.3196 843.1704 428.0000 490.0000 -0.3118 633.9242 885.0000 465.0000  1.0000 447.0000
T 29 5  0.0000  0.0000  0.0000  0.0000  0.4472 596.4326 324.0000 565.0000  0.4009 611.9794 363.0000 500.0000  0.2805 868.1011 458.0000 493.0000 -0.3589 611.1998 922.0000 469.0000  0.0000 448.0000
T 30 5  0.0000  0.0000  0.0000  0.0000  0.4871 516.2919 289.0000 565.0000  0.4320 634.8497 337.0000 508.0000  0.3145 773.6993 432.0000 489.0000 -0.3438 603.2858 910.0000 473.0000  0.0000 449.0000
T 31 5  0.0000  0.0000  0.0000  0.0000  0.5243 503.3347 255.0000 561.0000  0.4622 588.8562 311.0000 519.0000  0.3388 837.1163 413.0000 499.0000 -0.3374 583.0297 905.0000 490.0000  0.0000 450.0000
T 32 5  0.0000  0.0000  0.0000  0.0000  0.5506 487.0978 230.0000 561.0000  0.4860 598.9598 290.0000 502.0000  0.3603 824.5190 396.0000 492.0000 -0.3285 564.6641 898.0000 479.0000  0.0000 451.0000
T 33 5  0.0000  0.0000  0.0000  0.0000  0.4308 554.2412 338.0000 531.0000  0.3690 614.7617 389.0000 522.0000  0.3002 827.6870 443.0000 506.0000 -0.4057 561.3355 960.0000 485.0000  1.0000 452.0000
T 34 5  0.0000  0.0000  0.0000  0.0000  0.4599 573.8697 313.0000 531.0000  0.3997 646.4746 364.0000 526.0000  0.3235 756.9179 425.0000 507.0000 -0.3923 538.5009 949.0000 487.0000  0.0000 453.0000
T 35 5  0.0000  0.0000  0.0000  0.0000  0.4781 549.7529 297.0000 522.0000  0.4190 610.3861 348.0000 498.0000  0.3376 767.1260 414.0000 498.0000 -0.3996 526.7949 955.0000 491.0000  0.0000 454.0000
T 36 6  0.0000  0.0000  0.0000  0.0000  0.5752 566.9777 206.0000 531.0000  0.5124 598.8004 266.0000 500.0000  0.4285 736.8256 340.0000 482.0000 -0.3118 499.7337 885.0000 469.0000 -0.4506 400.7372 998.0000 491.0000  1.0000 455.0000
T 37 6  0.0000  0.0000  0.0000  0.0000  0.5762 532.9731 205.0000 523.0000  0.5157 577.1215 263.0000 520.0000  0.4308 744.3685 338.0000 500.0000 -0.3349 495.5926 903.0000 482.0000 -0.4825 407.3968 1026.0000 489.0000  0.0000 456.0000
T 38 5  0.0000  0.0000  0.0000  0.0000  0.5423 526.3058 238.0000 552.0000  0.4747 560.1974 300.0000 544.0000  0.3900 703.4079 372.0000 517.0000 -0.4008 494.7989 956.0000 499.0000  0.0000 457.0000
T 39 5  0.0000  0.0000  0.0000  0.0000  0.4938 497.2748 283.0000 568.0000  0.4237 530.5869 344.0000 535.0000  0.3273 723.7873 422.0000 515.0000 -0.4814 473.8220 1025.0000 524.0000  1.0000 458.0000
T 40 5  0.0000  0.0000  0.0000  0.0000  0.5037 495.9763 274.0000 558.0000  0.4308 525.6682 338.0000 538.0000  0.3401 703.0640 412.0000 520.0000 -0.4903 473.4991 1033.0000 509.0000  0.0000 459.0000
T 41 5  0.0000  0.0000  0.0000  0.0000  0.5264 491.2051 253.0000 520.0000  0.4519 523.9021 320.0000 507.0000  0.3515 706.7299 403.0000 493.0000 -0.5014 468.1062 1043.0000 530.0000  0.0000 460.0000
T 42 5  0.0000  0.0000  0.0000  0.0000  0.0000  0.0000  0.0000  0.0000  0.4949 533.8633 282.0000 520.0000  0.3851 627.2842 376.0000 491.0000 -0.4791 448.6422 1023.0000 516.0000  0.0000 461.0000
T 43 5  0.0000  0.0000  0.0000  0.0000  0.0000  0.0000  0.0000  0.0000  0.4982 504.4142 279.0000 534.0000  0.3863 648.6249 375.0000 512.0000 -0.5112 436.1785 1052.0000 527.0000  0.0000 462.0000
T 44 5  0.0000  0.0000  0.0000  0.0000  0.0000  0.0000  0.0000  0.0000  0.5135 497.9532 265.0000 548.0000  0.3887 653.2030 373.0000 528.0000 -0.5242 425.6937 1064.0000 530.0000  0.0000 463.0000
T 45 5  0.0000  0.0000  0.0000  0.0000  0.0000  0.0000  0.0000  0.0000  0.5059 491.2413 272.0000 546.0000  0.3777     NaN 382.0000 521.0000 -0.5650 408.6036 1103.0000 538.0000  0.0000 464.0000
T 46 5  0.0000  0.0000  0.0000  0.0000  0.0000  0.0000  0.0000  0.0000  0.5296 467.1415 250.0000 528.0000  0.3961     NaN 367.0000 516.0000 -0.5821 396.7027 1120.0000 528.0000  0.0000 465.0000
T 47 5  0.0000  0.0000  0.0000  0.0000  0.0000  0.0000  0.0000  0.0000  0.0000  0.0000  0.0000  0.0000  0.4106 871.8912 355.0000 515.0000 -0.5891 391.1573 1127.0000 517.0000  0.0000 466.0000
T 48 5  0.0000  0.0000  0.0000  0.0000  0.0000  0.0000  0.0000  0.0000  0.5496 409.4897 231.0000 510.0000  0.4046 977.5905 360.0000 526.0000 -0.6247 388.8859 1164.0000 501.0000  0.0000 467.0000
T 49 4  0.0000  0.0000  0.0000  0.0000  0.5589 421.2182 222.0000 397.0000  0.0000  0.0000  0.0000  0.0000  0.3789 693.9342 381.0000 549.0000  1.0000 468.0000
T 50 4  0.0000  0.0000  0.0000  0.0000  0.5722 458.7903 209.0000 389.0000  0.0000  0.0000  0.0000  0.0000  0.3875     NaN 374.0000 557.0000  1.0000 469.0000
T 51 5  0.0000  0.0000  0.0000  0.0000  0.0000  0.0000  0.0000  0.0000  0.5901 411.8048 191.0000 367.0000  0.5640 421.0241 217.0000 584.0000  0.3961 572.7751 367.0000 524.0000  1.0000 470.0000
T 52 5  0.0000  0.0000  0.0000  0.0000  0.6506     NaN 127.0000 326.0000  0.0000  0.0000  0.0000  0.0000  0.6286 372.9348 151.0000 501.0000  0.4495 559.6657 322.0000 522.0000  1.0000 471.0000
T 53 5  0.6596     NaN 117.0000 353.0000  0.0000  0.0000  0.0000  0.0000  0.4296 526.1232 339.0000 525.0000  0.0000  0.0000  0.0000  0.0000  0.0000  0.0000  0.0000  0.0000  0.0000  0.0000
T 54 3  0.6570     NaN 120.0000 323.0000  0.0000  0.0000  0.0000  0.0000  0.4202 501.5275 347.0000 512.0000  1.0000 473.0000
T 55 4  0.0000  0.0000  0.0000  0.0000  0.6772     NaN 97.0000 392.0000  0.0000  0.0000  0.0000  0.0000  0.4391 499.5117 331.0000 530.0000  1.0000 474.0000
T 56 4  0.0000  0.0000  0.0000  0.0000  0.0000  0.0000  0.0000  0.0000  0.0000  0.0000  0.0000  0.0000  0.4495 488.2394 322.0000 511.0000  1.0000 475.0000
T 57 5  0.0000  0.0000  0.0000  0.0000  0.0000  0.0000  0.0000  0.0000  0.0000  0.0000  0.0000  0.0000  0.0000  0.0000  0.0000  0.0000  0.4449 497.4783 326.0000 548.0000  1.0000 476.0000
T 58 2  0.0000  0.0000  0.0000  0.0000  0.4542 477.5737 318.0000 538.0000  1.0000 477.0000
T 60 1  0.5081 448.6422 270.0000 539.0000  1.0000 479.0000
T 61 3  0.0000  0.0000  0.0000  0.0000  0.2646 744.3800 470.0000 496.0000 -0.0919 1453.9324 724.0000 217.0000  1.0000 480.0000
T 62 2  0.0000  0.0000  0.0000  0.0000  0.3054 753.6879 439.0000 508.0000  1.0000 481.0000
T 63 2  0.0000  0.0000  0.0000  0.0000  0.3196 704.2688 428.0000 504.0000  1.0000 482.0000
T 64 2  0.0000  0.0000  0.0000  0.0000  0.3540 684.9543 401.0000 509.0000  1.0000 483.0000
T 65 1  0.3565 703.6332 399.0000 487.0000  1.0000 484.0000
T 66 3  0.0000  0.0000  0.0000  0.0000  0.3325 649.9232 418.0000 491.0000 -0.3923 642.9987 949.0000 558.0000  1.0000 485.0000
T 67 1  0.3119 649.9232 434.0000 472.0000  1.0000 486.0000
T 68 1  0.3325 646.8570 418.0000 526.0000  1.0000 487.0000
T 69 2  0.0000  0.0000  0.0000  0.0000  0.3653 619.5345 392.0000 523.0000  1.0000 488.0000
T 70 2  0.0000  0.0000  0.0000  0.0000  0.3106 588.7766 435.0000 524.0000  1.0000 489.0000
T 71 2  0.0000  0.0000  0.0000  0.0000  0.2950 576.5409 447.0000 505.0000  1.0000 490.0000
T 72 2  0.0000  0.0000  0.0000  0.0000  0.3261 575.3474 423.0000 496.0000  1.0000 491.0000
T 73 2  0.0000  0.0000  0.0000  0.0000  0.3715 561.2410 387.0000 524.0000  1.0000 492.0000
T 74 1  0.4237 573.5627 344.0000 532.0000  1.0000 493.0000
T 75 3  0.0000  0.0000  0.0000  0.0000  0.3887 546.4644 373.0000 537.0000  0.2950 729.6998 447.0000 497.0000  1.0000 494.0000
T 76 1  0.3875 534.0046 374.0000 523.0000  1.0000 495.0000
T 77 4  0.0000  0.0000  0.0000  0.0000  0.4308 547.6573 338.0000 538.0000  0.3286 671.4938 421.0000 497.0000 -0.4644 427.9410 1010.0000 487.0000  1.0000 496.0000
T 78 4  0.0000  0.0000  0.0000  0.0000  0.4993 532.6830 278.0000 522.0000  0.3887 732.2441 373.0000 486.0000 -0.4189 435.8661 971.0000 481.0000  0.0000 497.0000
T 79 4  0.0000  0.0000  0.0000  0.0000  0.4804 526.4679 295.0000 527.0000  0.3727 656.2125 386.0000 490.0000 -0.4610 425.7392 1007.0000 462.0000  0.0000 498.0000
T 80 4  0.0000  0.0000  0.0000  0.0000  0.4668 476.1050 307.0000 533.0000  0.3464 651.0909 407.0000 503.0000 -0.5047 416.7770 1046.0000 474.0000  0.0000 499.0000
T 81 4  0.0000  0.0000  0.0000  0.0000  0.5221 500.2950 257.0000 545.0000  0.3900 666.4793 372.0000 527.0000 -0.4915 404.4074 1034.0000 497.0000  0.0000 500.0000
T 82 4  0.0000  0.0000  0.0000  0.0000  0.5423 478.3637 238.0000 553.0000  0.4166 638.3901 350.0000 511.0000 -0.5025 369.1887 1044.0000 467.0000  0.0000 501.0000
T 83 4  0.0000  0.0000  0.0000  0.0000  0.5558 446.9627 225.0000 570.0000  0.4190 587.5028 348.0000 515.0000 -0.5295 408.2044 1069.0000 477.0000  0.0000 502.0000
T 84 4  0.0000  0.0000  0.0000  0.0000  0.3814 591.0551 379.0000 567.0000  0.2858 760.3239 454.0000 503.0000 -0.6095 409.5299 1148.0000 491.0000  1.0000 503.0000
T 85 3  0.0000  0.0000  0.0000  0.0000  0.3678 541.7091 390.0000 546.0000  0.2726 726.6952 464.0000 496.0000  1.0000 504.0000
T 86 3  0.0000  0.0000  0.0000  0.0000  0.4058 539.8037 359.0000 570.0000  0.3106 719.7896 435.0000 495.0000  1.0000 505.0000
T 87 4  0.0000  0.0000  0.0000  0.0000  0.4588     NaN 314.0000 560.0000  0.3515 699.0634 403.0000 480.0000 -0.6285 373.7921 1168.0000 518.0000  1.0000 506.0000
T 88 4  0.0000  0.0000  0.0000  0.0000  0.0000  0.0000  0.0000  0.0000  0.4484 538.8314 323.0000 568.0000  0.3439 652.4490 409.0000 490.0000  1.0000 507.0000
T 89 4  0.0000  0.0000  0.0000  0.0000  0.0000  0.0000  0.0000  0.0000  0.4344     NaN 335.0000 564.0000  0.3286 676.5038 421.0000 472.0000  0.0000 508.0000
T 90 5  0.6650 381.6571 111.0000 311.0000  0.0000  0.0000  0.0000  0.0000  0.0000  0.0000  0.0000  0.0000  0.3325 649.9232 418.0000 481.0000 -0.4319 463.4546 982.0000 197.0000  1.0000 509.0000
T 91 5  0.0000  0.0000  0.0000  0.0000  0.5168 517.3735 262.0000 479.0000  0.0000  0.0000  0.0000  0.0000  0.3961 649.9232 367.0000 479.0000 -0.3935 450.2000 950.0000 212.0000  1.0000 510.0000
T 92 5  0.0000  0.0000  0.0000  0.0000  0.0000  0.0000  0.0000  0.0000  0.0000  0.0000  0.0000  0.0000  0.4130 649.9232 353.0000 491.0000 -0.3800 452.6738 939.0000 189.0000  0.0000 511.0000
T 93 5  0.0000  0.0000  0.0000  0.0000  0.0000  0.0000  0.0000  0.0000  0.0000  0.0000  0.0000  0.0000  0.4094 643.8203 356.0000 490.0000 -0.4129 453.8752 966.0000 194.0000  0.0000 512.0000
T 94 5  0.0000  0.0000  0.0000  0.0000  0.0000  0.0000  0.0000  0.0000  0.0000  0.0000  0.0000  0.0000  0.4332 636.4785 336.0000 501.0000 -0.4093 448.5921 963.0000 201.0000  0.0000 513.0000
T 95 5  0.0000  0.0000  0.0000  0.0000  0.5722 492.6904 209.0000 492.0000  0.0000  0.0000  0.0000  0.0000  0.4296 601.2871 339.0000 499.0000 -0.4425 426.9753 991.0000 181.0000  0.0000 514.0000
T 96 4  0.5970 473.7290 184.0000 572.0000  0.4495 602.5228 322.0000 499.0000 -0.4494 418.4195 997.0000 150.0000  0.0000  0.0000  0.0000  0.0000  0.0000  0.0000
T 97 3  0.0000  0.0000  0.0000  0.0000  0.4355 601.3683 334.0000 525.0000 -0.4836 407.3968 1027.0000 148.0000  1.0000 516.0000
T 98 2  0.0000  0.0000  0.0000  0.0000  0.4225 562.3656 345.0000 535.0000  1.0000 517.0000
T 99 2  0.0000  0.0000  0.0000  0.0000  0.4225 564.2774 345.0000 530.0000  1.0000 518.0000
T 100 2  0.0000  0.0000  0.0000  0.0000  0.4960 535.2599 281.0000 540.0000  1.0000 519.0000
T 101 2  0.0000  0.0000  0.0000  0.0000  0.4938 538.2940 283.0000 580.0000  1.0000 520.0000
T 102 3  0.0000  0.0000  0.0000  0.0000  0.4781 520.4818 297.0000 552.0000  0.2579 233.8135 475.0000 488.0000  1.0000 521.0000
T 103 4  0.0000  0.0000  0.0000  0.0000  0.0000  0.0000  0.0000  0.0000  0.0000  0.0000  0.0000  0.0000  0.2539     NaN 478.0000 487.0000  1.0000 522.0000
T 105 6  0.0000  0.0000  0.0000  0.0000  0.0000  0.0000  0.0000  0.0000  0.0000  0.0000  0.0000  0.0000  0.0000  0.0000  0.0000  0.0000  0.0000  0.0000  0.0000  0.0000  0.3363     NaN 415.0000 490.0000  1.0000 524.0000
T 106 5  0.5931 212.3171 188.0000 174.0000  0.0000  0.0000  0.0000  0.0000  0.5135     NaN 265.0000 232.0000  0.4285     NaN 340.0000 521.0000  0.3119 949.6866 434.0000 456.0000  1.0000 525.0000
T 107 4  0.6276 197.5970 152.0000 139.0000  0.0000  0.0000  0.0000  0.0000  0.5381 200.4240 242.0000 238.0000  0.4225 656.2706 345.0000 541.0000  0.0000 526.0000
T 108 5  0.0000  0.0000  0.0000  0.0000  0.0000  0.0000  0.0000  0.0000  0.5146 188.5027 264.0000 221.0000  0.3887 569.2229 373.0000 523.0000  0.2619     NaN 472.0000 475.0000  0.0000 527.0000
T 109 5  0.0000  0.0000  0.0000  0.0000  0.0000  0.0000  0.0000  0.0000  0.5772 178.0658 204.0000 190.0000  0.4178 569.8829 349.0000 518.0000  0.2871 842.1638 453.0000 464.0000  0.0000 528.0000
T 110 5  0.0000  0.0000  0.0000  0.0000  0.0000  0.0000  0.0000  0.0000  0.6506 249.9282 127.0000 153.0000  0.4622 609.8521 311.0000 506.0000  0.3235     NaN 425.0000 454.0000  0.0000 529.0000
T 111 7  0.0000  0.0000  0.0000  0.0000  0.0000  0.0000  0.0000  0.0000  0.6379 436.4847 141.0000 476.0000  0.4713 584.9620 303.0000 547.0000  0.3949 1172.3160 368.0000 530.0000  0.3273 1001.0156 422.0000 509.0000 -0.5348 447.0138 1074.0000 518.0000  1.0000 530.0000
T 112 7  0.0000  0.0000  0.0000  0.0000  0.0000  0.0000  0.0000  0.0000  0.6067 412.6855 174.0000 460.0000  0.4332 553.9358 336.0000 525.0000  0.3590 429.8681 397.0000 522.0000  0.3015 875.5266 442.0000 487.0000 -0.5881 392.6854 1126.0000 521.0000  0.0000 531.0000
T 113 7  0.0000  0.0000  0.0000  0.0000  0.0000  0.0000  0.0000  0.0000  0.6434     NaN 135.0000 474.0000  0.4668 517.9591 307.0000 542.0000  0.3814 690.1985 379.0000 533.0000  0.3080     NaN 437.0000 489.0000 -0.5979 391.9837 1136.0000 538.0000  0.0000 532.0000
T 114 7  0.0000  0.0000  0.0000  0.0000  0.0000  0.0000  0.0000  0.0000  0.6781 394.0527 96.0000 465.0000  0.4915 530.1405 285.0000 529.0000  0.0000  0.0000  0.0000  0.0000  0.3312     NaN 419.0000 478.0000 -0.6066 904.3997 1145.0000 542.0000  0.0000 533.0000
T 115 7  0.0000  0.0000  0.0000  0.0000  0.0000  0.0000  0.0000  0.0000  0.0000  0.0000  0.0000  0.0000  0.5015 526.1304 276.0000 538.0000  0.4070 692.1688 358.0000 514.0000  0.3452     NaN 408.0000 493.0000 -0.6341     NaN 1174.0000 557.0000  0.0000 534.0000
T 116 6  0.0000  0.0000  0.0000  0.0000  0.0000  0.0000  0.0000  0.0000  0.0000  0.0000  0.0000  0.0000  0.4871 499.9173 289.0000 544.0000  0.3887 696.9670 373.0000 523.0000  0.3209 576.7487 427.0000 504.0000  0.0000 535.0000
T 117 6  0.0000  0.0000  0.0000  0.0000  0.0000  0.0000  0.0000  0.0000  0.0000  0.0000  0.0000  0.0000  0.4893 481.2288 287.0000 536.0000  0.3838 641.8115 377.0000 517.0000  0.3170     NaN 430.0000 502.0000  0.0000 536.0000
T 118 6  0.0000  0.0000  0.0000  0.0000  0.4130 646.8570 353.0000 551.0000  0.0000  0.0000  0.0000  0.0000  0.0000  0.0000  0.0000  0.0000  0.0000  0.0000  0.0000  0.0000  0.0000  0.0000  0.0000  0.0000  0.0000  0.0000
T 120 5  0.0000  0.0000  0.0000  0.0000  0.4414 593.8917 329.0000 563.0000  0.3764     NaN 383.0000 535.0000 -0.4803 448.2814 1024.0000 568.0000 -0.5058 309.7741 1047.0000 124.0000  1.0000 539.0000
T 121 4  0.0000  0.0000  0.0000  0.0000  0.4237 620.5148 344.0000 552.0000  0.3540 828.7979 401.0000 527.0000 -0.5295 434.1107 1069.0000 572.0000  0.0000 540.0000
T 122 3  0.0000  0.0000  0.0000  0.0000  0.4202 592.9533 347.0000 563.0000  0.0000  0.0000  0.0000  0.0000  0.0000  0.0000
T 123 2  0.0000  0.0000  0.0000  0.0000  0.4449 555.6898 326.0000 580.0000  1.0000 542.0000
T 124 2  0.0000  0.0000  0.0000  0.0000  0.4437 562.3701 327.0000 583.0000  1.0000 543.0000
T 125 2  0.6096 405.0813 171.0000 538.0000  0.4355 526.0898 334.0000 557.0000  1.0000 544.0000
T 126 2  0.0000  0.0000  0.0000  0.0000  0.4634 530.6796 310.0000 552.0000  1.0000 545.0000
T 127 4  0.0000  0.0000  0.0000  0.0000  0.0000  0.0000  0.0000  0.0000  0.4792 501.5275 296.0000 547.0000  0.3477 766.8109 406.0000 494.0000  1.0000 546.0000
T 128 6  0.0000  0.0000  0.0000  0.0000  0.0000  0.0000  0.0000  0.0000  0.0000  0.0000  0.0000  0.0000  0.4982 499.7337 279.0000 569.0000  0.3603 731.1755 396.0000 496.0000 -0.3476 609.1226 913.0000 485.0000  1.0000 547.0000
T 129 6  0.0000  0.0000  0.0000  0.0000  0.0000  0.0000  0.0000  0.0000  0.0000  0.0000  0.0000  0.0000  0.4668 479.9425 307.0000 559.0000  0.3515 609.5492 403.0000 500.0000 -0.4069 634.8845 961.0000 469.0000  0.0000 548.0000
T 130 6  0.0000  0.0000  0.0000  0.0000  0.0000  0.0000  0.0000  0.0000  0.0000  0.0000  0.0000  0.0000  0.4982 472.7390 279.0000 549.0000  0.3752 580.5632 384.0000 498.0000 -0.4008 625.1292 956.0000 470.0000  0.0000 549.0000
T 131 6  0.0000  0.0000  0.0000  0.0000  0.4426 553.9648 328.0000 527.0000 -0.3714 537.2701 932.0000 491.0000  0.0000  0.0000  0.0000  0.0000  0.0000  0.0000  0.0000  0.0000  0.0000  0.0000  0.0000  0.0000  0.0000  0.0000
T 132 3  0.0000  0.0000  0.0000  0.0000  0.4893 583.8679 287.0000 531.0000 -0.3349 557.2632 903.0000 483.0000  1.0000 551.0000
T 133 5  0.0000  0.0000  0.0000  0.0000  0.0000  0.0000  0.0000  0.0000  0.4507 567.5063 321.0000 539.0000  0.4021 649.9232 362.0000 531.0000 -0.3935 529.6653 950.0000 482.0000  1.0000 552.0000
T 134 5  0.0000  0.0000  0.0000  0.0000  0.0000  0.0000  0.0000  0.0000  0.4414 553.8865 329.0000 533.0000  0.3936 650.5309 369.0000 524.0000 -0.4284 547.2269 979.0000 479.0000  0.0000 553.0000
T 135 5  0.0000  0.0000  0.0000  0.0000  0.0000  0.0000  0.0000  0.0000  0.4611 539.4310 312.0000 546.0000  0.4082 636.3866 357.0000 534.0000 -0.4307 525.6286 981.0000 472.0000  0.0000 554.0000
T 136 5  0.0000  0.0000  0.0000  0.0000  0.0000  0.0000  0.0000  0.0000  0.4826 528.4270 293.0000 546.0000  0.4237 581.9749 344.0000 521.0000 -0.4401 490.4343 989.0000 479.0000  0.0000 555.0000
T 137 5  0.0000  0.0000  0.0000  0.0000  0.0000  0.0000  0.0000  0.0000  0.5254 531.6219 254.0000 545.0000  0.4702 592.4980 304.0000 468.0000 -0.4224 480.4131 974.0000 472.0000  0.0000 556.0000
T 138 5  0.0000  0.0000  0.0000  0.0000  0.0000  0.0000  0.0000  0.0000  0.5433 505.3322 237.0000 563.0000  0.4770 562.7900 298.0000 517.0000 -0.4390 476.1425 988.0000 491.0000  0.0000 557.0000
T 139 5  0.0000  0.0000  0.0000  0.0000  0.0000  0.0000  0.0000  0.0000  0.5200 484.1263 259.0000 556.0000  0.4519 542.5613 320.0000 461.0000 -0.4959     NaN 1038.0000 495.0000  0.0000 558.0000
T 140 5  0.0000  0.0000  0.0000  0.0000  0.0000  0.0000  0.0000  0.0000  0.5454 475.1549 235.0000 559.0000  0.4747 534.9590 300.0000 453.0000 -0.4892 456.0948 1032.0000 502.0000  0.0000 559.0000
T 141 5  0.0000  0.0000  0.0000  0.0000  0.0000  0.0000  0.0000  0.0000  0.5391 448.6422 241.0000 565.0000  0.4634 533.4794 310.0000 479.0000 -0.5285 434.8266 1068.0000 510.0000  0.0000 560.0000
T 142 4  0.0000  0.0000  0.0000  0.0000  0.0000  0.0000  0.0000  0.0000  0.5026 524.0428 275.0000 564.0000 -0.5199 454.4249 1060.0000 563.0000  1.0000 561.0000
T 143 4  0.0000  0.0000  0.0000  0.0000  0.0000  0.0000  0.0000  0.0000  0.5381 534.5193 242.0000 556.0000 -0.5080 434.9051 1049.0000 570.0000  1.0000 562.0000
T 144 1  0.5037 523.3419 274.0000 557.0000  1.0000 563.0000
T 145 1  0.4871 527.4008 289.0000 551.0000  1.0000 564.0000
T 146 2  0.5328 474.3469 247.0000 563.0000  0.3628 674.3448 394.0000 501.0000  1.0000 565.0000
T 147 5  0.0000  0.0000  0.0000  0.0000  0.0000  0.0000  0.0000  0.0000  0.5146 581.3650 264.0000 569.0000  0.4033 635.6110 361.0000 510.0000  0.3337 828.0092 417.0000 494.0000  1.0000 566.0000
T 148 5  0.6115 480.8500 169.0000 585.0000  0.4237 643.5825 344.0000 529.0000  0.3565 802.1223 399.0000 510.0000  0.0000  0.0000  0.0000  0.0000  0.0000  0.0000  0.0000  0.0000  0.0000  0.0000
T 149 3  0.6229 451.5141 157.0000 536.0000  0.4225 640.1913 345.0000 522.0000  0.3502 782.8447 404.0000 514.0000  0.0000 568.0000
T 150 3  0.5980 440.9834 183.0000 564.0000  0.3863 648.4200 375.0000 514.0000  0.3132 844.9184 433.0000 515.0000  0.0000 569.0000
T 151 3  0.5921 434.3451 189.0000 559.0000  0.3752 624.9488 384.0000 511.0000  0.2936 785.9319 448.0000 522.0000  0.0000 570.0000
T 152 3  0.6106 420.1488 170.0000 516.0000  0.3838 617.2419 377.0000 499.0000  0.3067 803.9704 438.0000 525.0000  0.0000 571.0000
T 153 3  0.6406 407.2216 138.0000 513.0000  0.4033 590.0555 361.0000 480.0000  0.3273 766.8109 422.0000 524.0000  0.0000 572.0000
T 154 6  0.0000  0.0000  0.0000  0.0000  0.0000  0.0000  0.0000  0.0000  0.0000  0.0000  0.0000  0.0000  0.4296 596.5704 339.0000 511.0000  0.3464 758.1830 407.0000 508.0000 -0.5220 424.1887 1062.0000 495.0000  1.0000 573.0000
T 155 6  0.0000  0.0000  0.0000  0.0000  0.0000  0.0000  0.0000  0.0000  0.0000  0.0000  0.0000  0.0000  0.4021 567.7448 362.0000 524.0000  0.3080 766.8109 437.0000 518.0000 -0.5831 430.6087 1121.0000 502.0000  0.0000 574.0000
T 156 6  0.0000  0.0000  0.0000  0.0000  0.0000  0.0000  0.0000  0.0000  0.0000  0.0000  0.0000  0.0000  0.3777 564.6641 382.0000 491.0000  0.2858 737.9799 454.0000 516.0000 -0.6285 407.3895 1168.0000 490.0000  0.0000 575.0000
T 157 6  0.0000  0.0000  0.0000  0.0000  0.0000  0.0000  0.0000  0.0000  0.0000  0.0000  0.0000  0.0000  0.3961 532.8585 367.0000 502.0000  0.3028 709.0551 441.0000 525.0000 -0.6451 392.9558 1186.0000 479.0000  0.0000 576.0000
T 158 5  0.0000  0.0000  0.0000  0.0000  0.4296 534.4938 339.0000 561.0000  0.3325     NaN 418.0000 544.0000  0.0000  0.0000  0.0000  0.0000  0.0000  0.0000  0.0000  0.0000  0.0000  0.0000
T 159 4  0.0000  0.0000  0.0000  0.0000  0.4759 528.1275 299.0000 551.0000  0.3752 467.6342 384.0000 533.0000 -0.6191 403.9341 1158.0000 538.0000  1.0000 578.0000
T 160 3  0.0000  0.0000  0.0000  0.0000  0.4308 541.9149 338.0000 551.0000  0.3209 432.1752 427.0000 513.0000  1.0000 579.0000
T 161 3  0.0000  0.0000  0.0000  0.0000  0.4033 497.5944 361.0000 545.0000  0.2897 423.1815 451.0000 512.0000  1.0000 580.0000
T 162 3  0.0000  0.0000  0.0000  0.0000  0.0000  0.0000  0.0000  0.0000  0.3054 496.4860 439.0000 550.0000  1.0000 581.0000
T 163 2  0.4645 488.8117 309.0000 585.0000  0.3426     NaN 410.0000 555.0000  1.0000 582.0000
T 164 2  0.5059 494.0287 272.0000 571.0000  0.3777 584.5685 382.0000 541.0000  1.0000 583.0000
T 165 1  0.4542 441.5068 318.0000 573.0000  1.0000 584.0000
T 166 1  0.4691 468.0058 305.0000 577.0000  1.0000 585.0000
T 167 3  0.0000  0.0000  0.0000  0.0000  0.3388 526.3658 413.0000 567.0000 -0.5506 246.2261 1089.0000 233.0000  1.0000 586.0000
T 168 5  0.0000  0.0000  0.0000  0.0000  0.0000  0.0000  0.0000  0.0000  0.0000  0.0000  0.0000  0.0000 -0.5433 230.8498 1082.0000 243.0000 -0.5422     NaN 1081.0000 338.0000  1.0000 587.0000
T 170 4  0.0000  0.0000  0.0000  0.0000  0.5762 393.3958 205.0000 147.0000  0.0000  0.0000  0.0000  0.0000 -0.4413     NaN 990.0000 480.0000  1.0000 589.0000
T 171 4  0.0000  0.0000  0.0000  0.0000  0.6086     NaN 172.0000 314.0000  0.4237 1164.0242 344.0000 576.0000 -0.4189 526.7697 971.0000 469.0000  1.0000 590.0000
T 172 4  0.0000  0.0000  0.0000  0.0000  0.6479 320.6898 130.0000 268.0000  0.4645 556.7350 309.0000 556.0000 -0.4093 520.1279 963.0000 477.0000  0.0000 591.0000
T 173 4  0.0000  0.0000  0.0000  0.0000  0.5264 527.9706 253.0000 552.0000  0.0000  0.0000  0.0000  0.0000  0.0000  0.0000  0.0000  0.0000  0.0000  0.0000
T 174 2  0.0000  0.0000  0.0000  0.0000  0.5211 499.2165 258.0000 568.0000  1.0000 593.0000
T 175 1  0.4815 478.3574 294.0000 564.0000  1.0000 594.0000
T 178 1  0.5711 464.8330 210.0000 571.0000  1.0000 597.0000
T 179 2  0.0000  0.0000  0.0000  0.0000 -0.4970 423.1547 1039.0000 478.0000  1.0000 598.0000
T 180 2  0.0000  0.0000  0.0000  0.0000  0.3973 571.3745 366.0000 526.0000  1.0000 599.0000
T 181 2  0.0000  0.0000  0.0000  0.0000  0.4021 560.1968 362.0000 531.0000  1.0000 600.0000
T 182 2  0.0000  0.0000  0.0000  0.0000  0.4344 589.3321 335.0000 578.0000  1.0000 601.0000
T 183 2  0.0000  0.0000  0.0000  0.0000  0.4871 540.0292 289.0000 566.0000  1.0000 602.0000
T 184 4  0.0000  0.0000  0.0000  0.0000  0.4414 520.1054 329.0000 584.0000  0.3515 630.6157 403.0000 517.0000 -0.4791 1024.9753 1023.0000 531.0000  1.0000 603.0000
T 185 4  0.0000  0.0000  0.0000  0.0000  0.4178 469.7574 349.0000 553.0000  0.3299 644.8594 420.0000 503.0000 -0.5369 346.9273 1076.0000 526.0000  0.0000 604.0000
T 186 4  0.0000  0.0000  0.0000  0.0000  0.3540 593.7875 401.0000 522.0000  0.0000  0.0000  0.0000  0.0000  0.0000  0.0000  0.0000  0.0000  0.0000  0.0000
T 187 2  0.0000  0.0000  0.0000  0.0000  0.3764 624.7795 383.0000 519.0000  1.0000 606.0000
T 188 2  0.0000  0.0000  0.0000  0.0000  0.4106 593.8373 355.0000 532.0000  1.0000 607.0000
T 189 1  0.3887 564.6641 373.0000 539.0000  1.0000 608.0000
T 190 4  0.5296 379.6589 250.0000 380.0000  0.3826 561.6031 378.0000 548.0000  0.0000  0.0000  0.0000  0.0000 -0.4295 553.3489 980.0000 505.0000  1.0000 609.0000
T 191 4  0.5661 362.9033 215.0000 364.0000  0.4166 541.2740 350.0000 546.0000  0.0000  0.0000  0.0000  0.0000 -0.4224 524.9537 974.0000 498.0000  0.0000 610.0000
T 192 4  0.0000  0.0000  0.0000  0.0000  0.4691 505.3833 305.0000 529.0000 -0.3886 521.9471 946.0000 493.0000  0.0000  0.0000  0.0000  0.0000  0.0000  0.0000
T 193 3  0.0000  0.0000  0.0000  0.0000  0.4645 501.5362 309.0000 570.0000 -0.4129 510.3141 966.0000 505.0000  1.0000 612.0000
T 194 3  0.6038     NaN 177.0000 378.0000  0.4249 493.2468 343.0000 554.0000 -0.5003 494.5871 1042.0000 507.0000  1.0000 613.0000
T 195 7  0.6587 336.9531 118.0000 385.0000  0.0000  0.0000  0.0000  0.0000  0.4691 464.1866 305.0000 563.0000  0.4142 173.8674 352.0000 211.0000  0.2174 1395.1761 505.0000 341.0000 -0.4870 472.7497 1030.0000 544.0000 -0.6285 272.1104 1168.0000 162.0000  1.0000 614.0000
T 196 6  0.0000  0.0000  0.0000  0.0000  0.0000  0.0000  0.0000  0.0000  0.5037 494.2550 274.0000 558.0000  0.4461     NaN 325.0000 177.0000  0.2378 1239.7095 490.0000 346.0000 -0.4746 475.9543 1019.0000 522.0000  0.0000 615.0000
T 197 6  0.0000  0.0000  0.0000  0.0000  0.0000  0.0000  0.0000  0.0000  0.5124     NaN 266.0000 550.0000  0.0000  0.0000  0.0000  0.0000  0.2378 1193.3113 490.0000 335.0000 -0.4948 466.6554 1037.0000 513.0000  0.0000 616.0000
T 198 6  0.0000  0.0000  0.0000  0.0000  0.0000  0.0000  0.0000  0.0000  0.4837 427.8382 292.0000 562.0000  0.0000  0.0000  0.0000  0.0000  0.1900     NaN 525.0000 326.0000 -0.5639 431.2092 1102.0000 507.0000  0.0000 617.0000
T 199 6  0.0000  0.0000  0.0000  0.0000  0.0000  0.0000  0.0000  0.0000  0.5135     NaN 265.0000 544.0000  0.0000  0.0000  0.0000  0.0000  0.2092 1412.8926 511.0000 307.0000 -0.5660 426.9753 1104.0000 503.0000  0.0000 618.0000
T 200 6  0.0000  0.0000  0.0000  0.0000  0.0000  0.0000  0.0000  0.0000  0.0000  0.0000  0.0000  0.0000  0.0000  0.0000  0.0000  0.0000  0.2458 1408.7449 484.0000 285.0000 -0.5619 409.7622 1100.0000 526.0000  0.0000 619.0000
T 201 6  0.0000  0.0000  0.0000  0.0000  0.0000  0.0000  0.0000  0.0000  0.6048     NaN 176.0000 572.0000  0.0000  0.0000  0.0000  0.0000  0.2726 1388.5034 464.0000 283.0000 -0.5568 401.5032 1095.0000 541.0000  0.0000 620.0000
T 202 6  0.6884     NaN 84.0000 278.0000  0.0000  0.0000  0.0000  0.0000  0.2364 1017.2092 491.0000 352.0000 -0.5537     NaN 1092.0000 238.0000  0.0000  0.0000  0.0000  0.0000  0.0000  0.0000  0.0000  0.0000  0.0000  0.0000
T 203 5  0.0000  0.0000  0.0000  0.0000  0.2432     NaN 486.0000 342.0000 -0.5881     NaN 1126.0000 197.0000  0.0000  0.0000  0.0000  0.0000  0.0000  0.0000  0.0000  0.0000  0.0000  0.0000
T 204 2  0.0000  0.0000  0.0000  0.0000  0.2242 1639.6360 500.0000 367.0000  1.0000 623.0000
T 205 2  0.0000  0.0000  0.0000  0.0000  0.2606 1468.5311 473.0000 360.0000  1.0000 624.0000
T 206 2  0.0000  0.0000  0.0000  0.0000  0.2792 1196.3671 459.0000 376.0000  1.0000 625.0000
T 207 1  0.2458 1110.3036 484.0000 361.0000  1.0000 626.0000
