T 1 4  0.0000  0.0000  0.0000  0.0000  0.4009 603.3522 363.0000 553.0000  0.3299 766.8109 420.0000 514.0000  0.2512 910.3170 480.0000 482.0000  1.0000 50.0000
T 2 4  0.0000  0.0000  0.0000  0.0000  0.3924 569.2424 370.0000 529.0000  0.3119 762.5654 434.0000 505.0000  0.2364 897.4677 491.0000 477.0000  0.0000 51.0000
T 3 4  0.0000  0.0000  0.0000  0.0000  0.4118 535.0959 354.0000 528.0000  0.3363 762.5057 415.0000 505.0000  0.2606 916.6309 473.0000 475.0000  0.0000 52.0000
T 4 4  0.0000  0.0000  0.0000  0.0000  0.4553 594.0545 317.0000 535.0000  0.3777 722.2847 382.0000 503.0000  0.3028 913.2872 441.0000 479.0000  0.0000 53.0000
T 5 4  0.0000  0.0000  0.0000  0.0000  0.4588     NaN 314.0000 532.0000  0.3740 762.5057 385.0000 497.0000  0.3002 942.9536 443.0000 483.0000  0.0000 54.0000
T 6 4  0.0000  0.0000  0.0000  0.0000  0.4426 487.7671 328.0000 536.0000  0.3603 683.2927 396.0000 498.0000  0.2765 812.7922 461.0000 486.0000  0.0000 55.0000
T 7 4  0.0000  0.0000  0.0000  0.0000  0.4249 546.6909 343.0000 524.0000  0.3363 613.7651 415.0000 486.0000  0.2566 839.2227 476.0000 477.0000  0.0000 56.0000
T 8 4  0.0000  0.0000  0.0000  0.0000  0.4426 548.6441 328.0000 518.0000  0.3477 609.6006 406.0000 482.0000  0.2712 876.4590 465.0000 482.0000  0.0000 57.0000
T 9 4  0.0000  0.0000  0.0000  0.0000  0.4645 560.8163 309.0000 514.0000  0.3690 665.7514 389.0000 480.0000  0.2845 918.7906 455.0000 484.0000  0.0000 58.0000
T 10 4  0.0000  0.0000  0.0000  0.0000  0.4725 523.8094 302.0000 493.0000  0.3752 672.0176 384.0000 461.0000  0.2910 846.9757 450.0000 482.0000  0.0000 59.0000
T 11 4  0.0000  0.0000  0.0000  0.0000  0.4599 540.0942 313.0000 502.0000  0.3628 691.1452 394.0000 469.0000  0.2752 837.9438 462.0000 479.0000  0.0000 60.0000
T 12 4  0.0000  0.0000  0.0000  0.0000  0.4645 520.2495 309.0000 510.0000  0.3590 603.7650 397.0000 477.0000  0.2739 827.7778 463.0000 493.0000  0.0000 61.0000
T 13 4  0.0000  0.0000  0.0000  0.0000  0.4320 499.8125 337.0000 510.0000  0.3286 674.6631 421.0000 462.0000  0.2351 853.8266 492.0000 496.0000  0.0000 62.0000
T 14 4  0.0000  0.0000  0.0000  0.0000  0.4484 493.4275 323.0000 513.0000  0.3414 681.7863 411.0000 463.0000  0.2526 785.0731 479.0000 498.0000  0.0000 63.0000
T 15 4  0.0000  0.0000  0.0000  0.0000  0.4553 490.7966 317.0000 492.0000  0.3439 644.2112 409.0000 453.0000  0.2539 837.9438 478.0000 483.0000  0.0000 64.0000
T 16 4  0.0000  0.0000  0.0000  0.0000  0.4949 492.1437 282.0000 477.0000  0.3801 668.2883 380.0000 445.0000  0.2884 837.1694 452.0000 475.0000  0.0000 65.0000
T 17 4  0.0000  0.0000  0.0000  0.0000  0.5243 489.6347 255.0000 503.0000  0.4154 696.5099 351.0000 447.0000  0.3312 824.4763 419.0000 476.0000  0.0000 66.0000
T 18 4  0.0000  0.0000  0.0000  0.0000  0.5200 479.2575 259.0000 486.0000  0.4009 647.6172 363.0000 435.0000  0.3106 794.7177 435.0000 468.0000  0.0000 67.0000
T 19 4  0.0000  0.0000  0.0000  0.0000  0.5200 523.9771 259.0000 506.0000  0.3985 637.0371 365.0000 453.0000  0.3067 767.7479 438.0000 481.0000  0.0000 68.0000
T 20 4  0.0000  0.0000  0.0000  0.0000  0.5275 471.9850 252.0000 498.0000  0.4033 614.8328 361.0000 440.0000  0.3080 762.5057 437.0000 470.0000  0.0000 69.0000
T 21 4  0.0000  0.0000  0.0000  0.0000  0.5752 453.6853 206.0000 496.0000  0.4519 612.6136 320.0000 447.0000  0.3578 770.4853 398.0000 474.0000  0.0000 70.0000
T 22 4  0.0000  0.0000  0.0000  0.0000  0.6248 469.5889 155.0000 500.0000  0.4927 638.7891 284.0000 444.0000  0.3973 761.2682 366.0000 478.0000  0.0000 71.0000
T 23 4  0.0000  0.0000  0.0000  0.0000  0.5990 448.5920 182.0000 481.0000  0.4656 640.7772 308.0000 433.0000  0.3702 771.0938 388.0000 469.0000  0.0000 72.0000
T 24 4  0.0000  0.0000  0.0000  0.0000  0.5752 445.9974 206.0000 487.0000  0.4308 599.8690 338.0000 441.0000  0.3312 747.7162 419.0000 475.0000  0.0000 73.0000
T 25 4  0.0000  0.0000  0.0000  0.0000  0.5911 456.1357 190.0000 506.0000  0.4484 641.7519 323.0000 449.0000  0.3452 729.6035 408.0000 483.0000  0.0000 74.0000
T 26 4  0.0000  0.0000  0.0000  0.0000  0.6038 444.4704 177.0000 506.0000  0.4519 604.2000 320.0000 447.0000  0.3527 728.1074 402.0000 481.0000  0.0000 75.0000
T 27 4  0.0000  0.0000  0.0000  0.0000  0.6425 444.4054 136.0000 504.0000  0.4826 587.8884 293.0000 439.0000  0.3801 737.6193 380.0000 479.0000  0.0000 76.0000
T 28 4  0.0000  0.0000  0.0000  0.0000  0.6667 443.0117 109.0000 489.0000  0.5081 556.3126 270.0000 436.0000  0.4046 775.0516 360.0000 469.0000  0.0000 77.0000
T 29 4  0.0000  0.0000  0.0000  0.0000  0.6452 420.0104 133.0000 489.0000  0.4792 558.0696 296.0000 447.0000  0.3665 753.6636 391.0000 482.0000  0.0000 78.0000
T 30 4  0.0000  0.0000  0.0000  0.0000  0.6028 375.5575 178.0000 506.0000  0.4308 556.3897 338.0000 459.0000  0.3119 737.4835 434.0000 492.0000  0.0000 79.0000
T 31 4  0.0000  0.0000  0.0000  0.0000  0.6115 381.4919 169.0000 502.0000  0.4355 526.1304 334.0000 443.0000  0.3158 714.7213 431.0000 488.0000  0.0000 80.0000
T 32 4  0.0000  0.0000  0.0000  0.0000  0.6415 373.4057 137.0000 471.0000  0.4576 504.7216 315.0000 415.0000  0.3299 675.5889 420.0000 472.0000  0.0000 81.0000
T 33 5  0.0000  0.0000  0.0000  0.0000  0.5157 501.5275 263.0000 482.0000  0.3900 674.7284 372.0000 451.0000 -0.3813 513.0991 940.0000 442.0000 -0.6037 378.7060 1142.0000 557.0000  1.0000 82.0000
T 34 5  0.0000  0.0000  0.0000  0.0000  0.5722 535.2898 209.0000 469.0000  0.0000  0.0000  0.0000  0.0000 -0.3311 487.9683 900.0000 427.0000 -0.5568 364.6308 1095.0000 541.0000  0.0000 83.0000
T 35 4  0.5264 505.0108 253.0000 537.0000  0.3973 690.6527 366.0000 488.0000 -0.3972 499.7337 953.0000 449.0000  0.0000  0.0000  0.0000  0.0000  0.0000  0.0000
T 36 3  0.5339 503.3347 246.0000 512.0000  0.3997 676.9935 364.0000 481.0000 -0.4057 494.1642 960.0000 457.0000  0.0000 85.0000
T 37 3  0.5610 524.5975 220.0000 446.0000  0.4225 655.3196 345.0000 460.0000 -0.3935 492.7836 950.0000 451.0000  0.0000 86.0000
T 38 3  0.5558 498.8216 225.0000 461.0000  0.4142 633.3452 352.0000 477.0000 -0.4117 471.9797 965.0000 454.0000  0.0000 87.0000
T 39 3  0.5465 496.6390 234.0000 467.0000  0.4033 640.8130 361.0000 486.0000 -0.4354 473.7347 985.0000 457.0000  0.0000 88.0000
T 40 3  0.5360 504.7633 244.0000 466.0000  0.3900 619.0978 372.0000 486.0000 -0.4633 476.5455 1009.0000 462.0000  0.0000 89.0000
T 41 3  0.5307 473.0283 249.0000 462.0000  0.3826 603.8715 378.0000 480.0000 -0.4814 472.8605 1025.0000 463.0000  0.0000 90.0000
T 42 3  0.5486 456.0245 232.0000 444.0000  0.3863 604.5547 375.0000 478.0000 -0.4926 465.5680 1035.0000 462.0000  0.0000 91.0000
T 43 4  0.6077 454.0022 173.0000 529.0000  0.4437 599.0146 327.0000 483.0000 -0.3118 555.1066 885.0000 437.0000 -0.4518 447.4854 999.0000 461.0000  1.0000 92.0000
T 44 4  0.6239 454.7936 156.0000 505.0000  0.4588 602.3396 314.0000 474.0000 -0.3079 542.5436 882.0000 430.0000 -0.4483 446.8763 996.0000 455.0000  0.0000 93.0000
T 45 4  0.5960     NaN 185.0000 530.0000  0.4273 601.5616 341.0000 493.0000 -0.3526 530.1405 917.0000 449.0000 -0.5058 428.3287 1047.0000 455.0000  0.0000 94.0000
T 46 4  0.5891 432.8183 192.0000 520.0000  0.4142 579.9257 352.0000 489.0000 -0.3726 529.7472 933.0000 442.0000 -0.5317 428.9195 1071.0000 450.0000  0.0000 95.0000
T 47 4  0.6173 425.0237 163.0000 506.0000  0.4344 564.6641 335.0000 480.0000 -0.3627 524.3803 925.0000 437.0000 -0.5242 411.2288 1064.0000 440.0000  0.0000 96.0000
T 48 4  0.6561 418.4823 121.0000 500.0000  0.4611 564.5424 312.0000 496.0000 -0.3425 534.8831 909.0000 466.0000 -0.5112 408.2657 1052.0000 467.0000  0.0000 97.0000
T 49 5  0.0000  0.0000  0.0000  0.0000  0.5168 561.9916 262.0000 528.0000  0.4391 701.9296 331.0000 490.0000 -0.3001 511.0550 876.0000 461.0000 -0.4746 399.1892 1019.0000 465.0000  1.0000 98.0000
T 50 5  0.0000  0.0000  0.0000  0.0000  0.5026 549.5684 275.0000 537.0000  0.4202 655.7731 347.0000 493.0000 -0.3336 507.9434 902.0000 474.0000 -0.5188 390.6161 1059.0000 487.0000  0.0000 99.0000
T 51 5  0.0000  0.0000  0.0000  0.0000  0.4938 555.5334 283.0000 527.0000  0.4142 673.1714 352.0000 463.0000 -0.3514 502.0388 916.0000 466.0000 -0.5443 378.1274 1083.0000 470.0000  0.0000 100.0000
T 52 5  0.0000  0.0000  0.0000  0.0000  0.4904 500.1232 286.0000 530.0000  0.4106 694.6857 355.0000 474.0000 -0.3677 493.2336 929.0000 473.0000 -0.5598 374.7596 1098.0000 466.0000  0.0000 101.0000
T 53 5  0.0000  0.0000  0.0000  0.0000  0.5081 530.1405 270.0000 526.0000  0.4166 703.4079 350.0000 467.0000 -0.3689 479.4623 930.0000 471.0000 -0.5741 373.3990 1112.0000 470.0000  0.0000 102.0000
T 54 5  0.0000  0.0000  0.0000  0.0000  0.5599 534.6297 221.0000 514.0000  0.4747 683.7684 300.0000 443.0000 -0.3221 492.7831 893.0000 464.0000 -0.5348 358.5591 1074.0000 465.0000  0.0000 103.0000
T 55 5  0.0000  0.0000  0.0000  0.0000  0.5891 539.1396 192.0000 510.0000  0.0000  0.0000  0.0000  0.0000 -0.3027 470.7689 878.0000 445.0000 -0.5156 358.8611 1056.0000 435.0000  0.0000 104.0000
T 56 4  0.5349 510.3361 245.0000 546.0000  0.4426 640.8130 328.0000 489.0000 -0.3739 476.0356 934.0000 451.0000 -0.6066 359.2645 1145.0000 446.0000  1.0000 105.0000
T 57 6  0.0000  0.0000  0.0000  0.0000  0.0000  0.0000  0.0000  0.0000  0.4576 494.0282 315.0000 523.0000  0.3678 605.2712 390.0000 489.0000  0.2936 771.1663 448.0000 454.0000 -0.4724 473.4535 1017.0000 457.0000  1.0000 106.0000
T 58 6  0.0000  0.0000  0.0000  0.0000  0.0000  0.0000  0.0000  0.0000  0.4792 477.0080 296.0000 525.0000  0.3777 632.9046 382.0000 487.0000  0.3093 779.0585 436.0000 450.0000 -0.4655 458.8695 1011.0000 461.0000  0.0000 107.0000
T 59 6  0.0000  0.0000  0.0000  0.0000  0.0000  0.0000  0.0000  0.0000  0.5070 476.3703 271.0000 517.0000  0.3997 641.1639 364.0000 489.0000  0.3299 766.8109 420.0000 460.0000 -0.4575 472.7497 1004.0000 480.0000  0.0000 108.0000
T 60 6  0.0000  0.0000  0.0000  0.0000  0.0000  0.0000  0.0000  0.0000  0.5423 474.5005 238.0000 500.0000  0.4426 596.8185 328.0000 472.0000  0.3615 758.2499 395.0000 431.0000 -0.4354 468.0388 985.0000 465.0000  0.0000 109.0000
T 61 6  0.0000  0.0000  0.0000  0.0000  0.0000  0.0000  0.0000  0.0000  0.5444 464.9295 236.0000 502.0000  0.4402 600.7465 330.0000 478.0000  0.3603 757.0409 396.0000 455.0000 -0.4494 453.4141 997.0000 480.0000  0.0000 110.0000
T 62 6  0.0000  0.0000  0.0000  0.0000  0.0000  0.0000  0.0000  0.0000  0.5465 468.8242 234.0000 481.0000  0.4355 602.6183 334.0000 463.0000  0.3565 747.7344 399.0000 448.0000 -0.4791 432.7783 1023.0000 469.0000  0.0000 111.0000
T 63 6  0.0000  0.0000  0.0000  0.0000  0.0000  0.0000  0.0000  0.0000  0.5671 456.5035 214.0000 478.0000  0.4461 610.4733 325.0000 464.0000  0.3678 762.2327 390.0000 451.0000 -0.4690 427.3281 1014.0000 452.0000  0.0000 112.0000
T 64 6  0.0000  0.0000  0.0000  0.0000  0.0000  0.0000  0.0000  0.0000  0.6173 467.8101 163.0000 501.0000  0.4860 597.1080 290.0000 461.0000  0.4021 757.3275 362.0000 462.0000 -0.4564 387.3611 1003.0000 417.0000  0.0000 113.0000
T 65 6  0.0000  0.0000  0.0000  0.0000  0.0000  0.0000  0.0000  0.0000  0.6470 448.2232 131.0000 480.0000  0.5146 572.8879 264.0000 459.0000  0.4634 656.5836 310.0000 473.0000 -0.4471 409.6825 995.0000 437.0000  0.0000 114.0000
T 66 6  0.0000  0.0000  0.0000  0.0000  0.0000  0.0000  0.0000  0.0000  0.0000  0.0000  0.0000  0.0000  0.5486 581.0360 232.0000 473.0000  0.4993 650.7696 278.0000 485.0000 -0.4189 404.1657 971.0000 440.0000  0.0000 115.0000
T 67 6  0.0000  0.0000  0.0000  0.0000  0.0000  0.0000  0.0000  0.0000  0.6332 423.7424 146.0000 484.0000  0.4882 569.0574 288.0000 467.0000  0.4332 639.0285 336.0000 484.0000 -0.5134 402.7936 1054.0000 450.0000  0.0000 116.0000
T 68 6  0.0000  0.0000  0.0000  0.0000  0.0000  0.0000  0.0000  0.0000  0.6694 459.4687 106.0000 501.0000  0.5102 547.9026 268.0000 431.0000  0.4576 648.0731 315.0000 486.0000 -0.4937 398.6029 1036.0000 439.0000  0.0000 117.0000
T 69 6  0.0000  0.0000  0.0000  0.0000  0.0000  0.0000  0.0000  0.0000  0.0000  0.0000  0.0000  0.0000  0.5157 532.1282 263.0000 444.0000  0.4622 615.0589 311.0000 502.0000 -0.5231 373.8748 1063.0000 459.0000  0.0000 118.0000
T 70 6  0.0000  0.0000  0.0000  0.0000  0.0000  0.0000  0.0000  0.0000  0.0000  0.0000  0.0000  0.0000  0.5527 564.6641 228.0000 421.0000  0.5015 639.7457 276.0000 502.0000 -0.5123 360.7717 1053.0000 461.0000  0.0000 119.0000
T 71 6  0.0000  0.0000  0.0000  0.0000  0.0000  0.0000  0.0000  0.0000  0.0000  0.0000  0.0000  0.0000  0.5711 558.6545 210.0000 428.0000  0.5146 622.2697 264.0000 510.0000 -0.5112 356.0931 1052.0000 444.0000  0.0000 120.0000
T 72 8  0.0000  0.0000  0.0000  0.0000  0.5423 528.7476 238.0000 569.0000  0.5339 546.1516 246.0000 437.0000  0.4770 594.1687 298.0000 537.0000  0.4249 650.6147 343.0000 506.0000  0.3615 837.9438 395.0000 496.0000  0.0000  0.0000  0.0000  0.0000 -0.5761 350.4540 1114.0000 531.0000  1.0000 121.0000
T 73 8  0.0000  0.0000  0.0000  0.0000  0.5157 526.9565 263.0000 545.0000  0.5070 526.3599 271.0000 421.0000  0.4495 574.5406 322.0000 530.0000  0.3985 634.1358 365.0000 499.0000  0.3273 843.1704 422.0000 489.0000  0.0000  0.0000  0.0000  0.0000 -0.6124 357.4186 1151.0000 501.0000  0.0000 122.0000
T 74 8  0.0000  0.0000  0.0000  0.0000  0.5349 497.5470 245.0000 549.0000  0.5157 480.7684 263.0000 376.0000  0.4668 591.5269 307.0000 532.0000  0.4142 597.4667 352.0000 504.0000  0.3426 843.1704 410.0000 492.0000  0.0000  0.0000  0.0000  0.0000 -0.6304 351.2516 1170.0000 521.0000  0.0000 123.0000
T 75 6  0.0000  0.0000  0.0000  0.0000  0.5275 497.2656 252.0000 550.0000  0.5124 529.6878 266.0000 398.0000  0.4542 565.9588 318.0000 532.0000  0.3973 647.6433 366.0000 510.0000  0.3312 841.2235 419.0000 494.0000  0.0000 124.0000
T 76 6  0.0000  0.0000  0.0000  0.0000  0.5168 504.4987 262.0000 558.0000  0.4949 489.8104 282.0000 387.0000  0.4414 563.7327 329.0000 538.0000  0.3924 639.9037 370.0000 500.0000  0.3196 811.9171 428.0000 496.0000  0.0000 125.0000
T 77 6  0.0000  0.0000  0.0000  0.0000  0.5081 479.5317 270.0000 534.0000  0.4893 485.9774 287.0000 378.0000  0.4308 559.8556 338.0000 528.0000  0.3838 635.1939 377.0000 492.0000  0.3080 777.2894 437.0000 496.0000  0.0000 126.0000
T 78 6  0.0000  0.0000  0.0000  0.0000  0.4770 469.5889 298.0000 532.0000  0.4576 465.1811 315.0000 380.0000  0.4046 558.1714 360.0000 523.0000  0.3502 604.0275 404.0000 491.0000  0.2726 794.7866 464.0000 488.0000  0.0000 127.0000
T 79 6  0.0000  0.0000  0.0000  0.0000  0.4249 454.8631 343.0000 528.0000  0.0000  0.0000  0.0000  0.0000  0.3527 530.1405 402.0000 524.0000  0.2936 585.5801 448.0000 495.0000  0.2201 776.9458 503.0000 498.0000  0.0000 128.0000
T 80 6  0.0000  0.0000  0.0000  0.0000  0.4484 449.3544 323.0000 540.0000  0.0000  0.0000  0.0000  0.0000  0.3764 532.1694 383.0000 538.0000  0.3196 604.2000 428.0000 509.0000  0.2432 771.1500 486.0000 513.0000  0.0000 129.0000
T 81 6  0.0000  0.0000  0.0000  0.0000  0.4826 448.7256 293.0000 526.0000  0.0000  0.0000  0.0000  0.0000  0.4142 511.3084 352.0000 537.0000  0.3615 602.9040 395.0000 507.0000  0.2831 766.8109 456.0000 512.0000  0.0000 130.0000
T 82 6  0.0000  0.0000  0.0000  0.0000  0.5349 433.9338 245.0000 529.0000  0.5221 458.1828 257.0000 382.0000  0.4553 524.3893 317.0000 496.0000  0.4021 582.2614 362.0000 507.0000  0.3222 766.8109 426.0000 512.0000  0.0000 131.0000
T 83 6  0.0000  0.0000  0.0000  0.0000  0.5296 447.7440 250.0000 546.0000  0.0000  0.0000  0.0000  0.0000  0.4507 533.4885 321.0000 507.0000  0.3961 564.6641 367.0000 529.0000  0.3067 748.9658 438.0000 528.0000  0.0000 132.0000
T 84 6  0.0000  0.0000  0.0000  0.0000  0.5339 445.2909 246.0000 483.0000  0.5243 448.0654 255.0000 366.0000  0.4634 504.3981 310.0000 483.0000  0.3985 562.5466 365.0000 511.0000  0.3158 754.0425 431.0000 508.0000  0.0000 133.0000
T 85 6  0.0000  0.0000  0.0000  0.0000  0.5589 436.2941 222.0000 482.0000  0.0000  0.0000  0.0000  0.0000  0.4804 498.6242 295.0000 494.0000  0.4142 560.9042 352.0000 510.0000  0.3312 725.8817 419.0000 518.0000  0.0000 134.0000
T 86 6  0.0000  0.0000  0.0000  0.0000  0.5970 416.4937 184.0000 474.0000  0.0000  0.0000  0.0000  0.0000  0.5157 498.7317 263.0000 480.0000  0.4553 577.2640 317.0000 504.0000  0.3628 759.3777 394.0000 500.0000  0.0000 135.0000
T 87 6  0.0000  0.0000  0.0000  0.0000  0.5852 426.8618 196.0000 470.0000  0.0000  0.0000  0.0000  0.0000  0.5048 472.0879 273.0000 469.0000  0.4379 531.2087 332.0000 513.0000  0.3426 758.2499 410.0000 507.0000  0.0000 136.0000
T 88 6  0.0000  0.0000  0.0000  0.0000  0.5742 406.2270 207.0000 444.0000  0.0000  0.0000  0.0000  0.0000  0.4960 481.9622 281.0000 455.0000  0.4190 531.5920 348.0000 496.0000  0.3299 758.2365 420.0000 497.0000  0.0000 137.0000
T 89 6  0.0000  0.0000  0.0000  0.0000  0.5822 434.2199 199.0000 438.0000  0.0000  0.0000  0.0000  0.0000  0.4982 477.3429 279.0000 449.0000  0.4249 540.2973 343.0000 486.0000  0.3273 708.7448 422.0000 489.0000  0.0000 138.0000
T 90 7  0.0000  0.0000  0.0000  0.0000  0.0000  0.0000  0.0000  0.0000  0.5381 445.4897 242.0000 587.0000  0.4668 536.5394 307.0000 531.0000  0.3702 703.4079 388.0000 519.0000 -0.4260     NaN 977.0000 363.0000 -0.4413 468.2714 990.0000 538.0000  1.0000 139.0000
T 91 7  0.0000  0.0000  0.0000  0.0000  0.0000  0.0000  0.0000  0.0000  0.5558 460.9044 225.0000 577.0000  0.4781 512.3019 297.0000 534.0000  0.3764 722.7264 383.0000 493.0000 -0.4319 427.6107 982.0000 341.0000 -0.4529 452.9835 1000.0000 517.0000  0.0000 140.0000
T 92 7  0.0000  0.0000  0.0000  0.0000  0.0000  0.0000  0.0000  0.0000  0.0000  0.0000  0.0000  0.0000  0.4542 529.2031 318.0000 547.0000  0.3490 696.1951 405.0000 521.0000 -0.4758 430.7742 1020.0000 346.0000 -0.4981 409.7964 1040.0000 519.0000  0.0000 141.0000
T 93 7  0.0000  0.0000  0.0000  0.0000  0.0000  0.0000  0.0000  0.0000  0.0000  0.0000  0.0000  0.0000  0.4249 523.7834 343.0000 548.0000  0.3145 684.4827 432.0000 534.0000 -0.5295 430.3333 1069.0000 375.0000 -0.5516 396.9698 1090.0000 553.0000  0.0000 142.0000
T 94 7  0.0000  0.0000  0.0000  0.0000  0.6038 385.0677 177.0000 490.0000  0.0000  0.0000  0.0000  0.0000  0.4118 487.5393 354.0000 540.0000  0.2989 651.3098 444.0000 530.0000 -0.5578 427.5557 1096.0000 372.0000 -0.5831 393.2956 1121.0000 552.0000  0.0000 143.0000
T 95 7  0.0000  0.0000  0.0000  0.0000  0.6163 379.0535 164.0000 475.0000  0.0000  0.0000  0.0000  0.0000  0.4261 475.9554 342.0000 534.0000  0.3054 666.0373 439.0000 517.0000 -0.5609 420.5761 1099.0000 354.0000 -0.5781 432.7548 1116.0000 543.0000  0.0000 144.0000
T 96 7  0.0000  0.0000  0.0000  0.0000  0.0000  0.0000  0.0000  0.0000  0.5701 423.8317 211.0000 557.0000  0.4871 496.0975 289.0000 507.0000  0.3690 649.9232 389.0000 492.0000 -0.5177     NaN 1058.0000 330.0000 -0.5263 424.6371 1066.0000 511.0000  0.0000 145.0000
T 97 7  0.0000  0.0000  0.0000  0.0000  0.0000  0.0000  0.0000  0.0000  0.6125 442.1230 168.0000 577.0000  0.5307 479.2069 249.0000 533.0000  0.4082 659.7721 357.0000 514.0000 -0.4859 389.6192 1029.0000 352.0000 -0.4959 421.8232 1038.0000 533.0000  0.0000 146.0000
T 98 7  0.0000  0.0000  0.0000  0.0000  0.0000  0.0000  0.0000  0.0000  0.6304 461.3198 149.0000 554.0000  0.5444 481.7568 236.0000 523.0000  0.4237 695.8158 344.0000 500.0000 -0.4948 387.2472 1037.0000 352.0000 -0.4948 407.3968 1037.0000 532.0000  0.0000 147.0000
T 99 7  0.0000  0.0000  0.0000  0.0000  0.0000  0.0000  0.0000  0.0000  0.5921 412.1123 189.0000 505.0000  0.5037 487.2538 274.0000 514.0000  0.3752 636.4015 384.0000 498.0000 -0.5526 387.0048 1091.0000 350.0000 -0.5619 408.0209 1100.0000 538.0000  0.0000 148.0000
T 100 7  0.0000  0.0000  0.0000  0.0000  0.0000  0.0000  0.0000  0.0000  0.6048 422.7347 176.0000 528.0000  0.5092 466.6332 269.0000 543.0000  0.3764 642.9345 383.0000 521.0000 -0.5619 388.5623 1100.0000 364.0000 -0.5751 402.0070 1113.0000 555.0000  0.0000 149.0000
T 101 7  0.0000  0.0000  0.0000  0.0000  0.0000  0.0000  0.0000  0.0000  0.6525 430.2663 125.0000 491.0000  0.5548 492.9576 226.0000 540.0000  0.4213 605.7161 346.0000 516.0000 -0.5401 375.6753 1079.0000 355.0000 -0.5485 389.5121 1087.0000 545.0000  0.0000 150.0000
