T 1000 5  -1.8474   5.8140  -1.6922   7.4600  -1.3653   9.2589   2.8212   7.1398   2.5815   3.7675
T 2000 5  -1.6268   5.4675  -1.5441   7.3698  -1.1608   9.1213   3.0029   7.0823   2.6771   3.6821
T 3000 5  -1.7158   5.3757  -1.6857   7.3847  -1.2660   8.5855   2.8652   7.0203   2.6147   3.6470
T 4000 5  -2.0283   5.4021  -2.0441   7.2944  -1.7386   9.0461   2.6377   7.1733   2.4100   3.5246
T 5000 5  -1.8309   4.8025  -2.0244   7.2615  -1.7786   9.1173   2.6114   7.0738   2.3882   3.4492
T 6000 5  -1.9886   5.5749  -1.6556   6.5117  -1.4102   8.2686   2.6998   6.6387   2.5666   3.3634
T 7000 5  -1.8076   5.3261  -1.6183   6.9146  -1.2155   8.4070   2.8320   6.4595   2.5808   3.2469
T 8000 5  -1.8858   5.3516  -1.5502   6.4640  -1.2970   8.3849   2.8078   6.4042   2.5863   3.1452
T 9000 5  -2.1873   5.7373  -1.7420   6.4488  -1.5845   8.5659   2.7361   6.5197   2.6007   3.1244
T 10000 5  -1.9369   4.9493  -1.8515   6.7817  -1.5098   8.2260   2.7133   6.4877   2.3968   2.8646
T 11000 4  -1.8551   4.9218  -1.6456   6.2936  -1.4388   8.3654   2.7907   6.3029
T 12000 4  -1.8741   4.8789  -1.7004   6.5033  -1.3511   8.1995   2.8161   6.1987
T 13000 4  -1.8391   5.3283  -1.4016   6.3405  -1.0011   8.4412   3.0058   5.9038
T 14000 4  -1.7326   4.7049  -1.5496   6.3470  -1.0660   7.6797   3.0778   6.2214
T 15000 4  -1.7133   4.6707  -1.5670   6.3805  -1.1947   8.3466   2.9128   5.8538
T 16000 4  -1.9023   4.5271  -1.7788   6.2511  -1.4768   8.2404   2.7117   5.9127
T 17000 4  -2.0012   4.3043  -1.8641   5.8667  -1.7102   8.0518   2.5902   5.9273
T 18000 4  -1.9516   4.3321  -1.7116   5.6431  -1.6376   8.0376   2.7149   5.8641
T 19000 4  -2.0052   4.4510  -1.4606   4.7928  -1.4682   7.5262   2.7093   5.6582
T 20000 4  -1.8770   4.0749  -1.4757   4.7745  -1.5299   7.5627   2.7805   5.8068
T 21000 4  -2.2600   4.1853  -1.8178   4.9556  -1.9297   7.4213   2.4260   5.5335
T 22000 4  -2.4354   4.0165  -2.0767   4.9085  -2.2132   7.2968   2.2640   5.6270
T 23000 4  -2.2222   3.8966  -1.8350   4.7065  -2.0267   7.4631   2.3054   5.2239
T 24000 4  -2.0309   3.8537  -1.8731   5.3816  -1.6588   7.3130   2.5512   5.1123
T 25000 4  -2.1694   3.8728  -1.9689   5.3888  -1.6323   6.8477   2.4979   5.0641
T 26000 4  -2.2072   3.8411  -2.0132   5.3008  -1.8634   7.3710   2.4979   5.0641
T 27000 4  -2.3835   3.7866  -2.1476   5.2184  -2.0891   7.3416   2.3766   5.0239
T 28000 4  -2.5227   3.7418  -2.3008   5.1566  -2.1912   7.1227   2.3065   5.0771
T 29000 4  -2.2104   3.4641  -2.0871   5.1434  -1.8770   7.0618   2.4081   4.7297
T 30000 3  -1.6974   4.9592  -1.4793   7.1590   2.7084   4.5574
T 31000 3  -2.0759   3.5415  -1.7158   4.9504   2.8293   4.6591
T 32000 3  -2.1421   3.4188  -1.8317   4.8783   2.6408   4.4545
T 33000 2  -2.0791   4.5857   2.3480   4.4357
T 34000 5  -2.4349   4.5953  -2.2552   6.2464  -2.3570   7.8455   2.2219   6.2892   2.1085   4.5403
T 35000 6  -2.1345   4.5768  -1.9916   6.5977  -1.8854   7.8618   2.1583   7.1285   2.5222   5.9895   2.3079   4.2443
T 36000 5  -2.2195   4.6439  -1.9932   6.6028  -1.9303   8.1970   2.7098   6.2841   2.3823   4.3125
T 37000 5  -2.2636   4.4538  -2.0371   6.1594  -2.0038   7.5801   2.1847   5.4106   2.2611   4.2141
T 38000 5  -2.2839   4.5585  -1.9165   5.9505  -1.8996   7.4291   2.2776   5.3901   2.2901   4.1132
T 39000 5  -2.1861   4.4532  -1.9078   6.1153  -1.7579   7.4193   2.4287   5.4500   2.4096   4.1045
T 40000 5  -2.0392   4.2667  -1.7241   5.8511  -1.6654   7.4851   2.3905   5.1157   2.4579   3.9535
T 41000 5  -2.0199   4.2392  -1.6536   5.8113  -1.5609   7.3990   2.4715   5.0251   2.5724   3.9629
T 42000 5  -2.0141   4.0908  -1.6309   5.5898  -1.6085   7.3240   2.5423   5.0798   2.5714   3.8669
T 43000 3  -2.2764   3.9223   2.1704   4.9342   2.3200   3.7844
T 44000 3  -2.3662   3.9116   2.1541   4.9295   2.3193   3.8193
T 45000 3  -2.2281   3.9368   2.2711   4.6450   2.4473   3.6174
T 46000 5  -2.1427   3.8648  -1.7807   5.4555  -1.6658   6.9459   2.4115   4.6834   2.4508   3.4392
T 47000 5  -2.2694   3.8527  -1.9269   5.5135  -1.8950   7.1295   2.3278   4.6112   2.3621   3.3624
T 48000 5  -2.3364   3.5726  -2.0624   5.3690  -2.0193   6.7540   2.2275   4.6380   2.2782   3.3109
T 49000 4  -2.3714   6.6211  -2.4387   8.5270   2.0628   4.7997   2.1195   3.2945
T 50000 4  -2.2347   6.6696  -2.2511   8.6575   2.1829   4.6714   2.2295   3.1868
T 51000 4  -2.1575   6.6099  -2.1712   8.6874   2.1295   4.3173   2.2189   3.0519
T 52000 4  -2.0997   6.6382  -2.0546   8.3172   2.1799   4.3060   2.2524   2.9912
T 53000 4  -2.1864   6.5821  -2.0973   8.2023   2.1018   4.1049   2.3029   2.9895
T 54000 4  -2.4257   6.1529  -2.5428   8.0391   1.9462   4.2434   2.1247   2.9576
T 55000 4  -2.6642   6.0694  -2.8125   7.9488   1.7978   4.1005   2.0780   2.9886
T 56000 2  -2.1089   7.6040   2.1766   4.2153
T 57000 2  -1.6502   6.1749   2.5725   4.0625
T 58000 4  -1.8536   4.5680  -1.7621   6.1924   2.4372   3.8752   2.5321   4.0262
T 59000 4  -2.0035   4.5344  -1.7894   5.8438   2.4879   4.0018   2.4342   3.9064
T 60000 4  -2.0932   4.2389  -1.9881   5.6190   2.3460   3.9962   2.3024   3.8837
T 61000 4  -2.0578   4.1918  -1.9332   5.5087   2.3552   3.8510   2.4148   3.9766
T 62000 4  -2.0309   4.0771  -1.9812   5.6923   2.3732   3.7138   2.3749   3.7166
T 63000 4  -2.0762   3.9724  -2.1023   5.6645   2.3447   3.6943   2.3410   3.6801
T 64000 4  -2.2779   3.8670  -2.2947   5.4423   2.1460   3.4841   2.1726   3.5524
T 65000 4  -2.3240   3.6753  -2.3132   5.1511   2.0747   3.4165   2.1203   3.4750
T 66000 4  -2.5685   3.6913  -2.5655   5.1803   1.9644   3.4219   1.9890   3.4822
T 67000 4  -2.2575   3.7054  -2.1580   5.1710   2.1991   3.2162   2.2137   3.2172
T 68000 3  -2.3128   5.1503   2.1689   3.2475   2.1539   3.2390
T 69000 3  -2.3513   5.1207   2.1527   3.0643   2.1525   3.0640
T 70000 8  -2.4886   4.8011  -2.5458   4.9115  -2.5584   5.8475  -2.7551   7.2818  -2.4614   8.2324   1.7707   3.8010   1.6219   2.4180   2.1213   3.1156
T 71000 7  -2.5043   4.6753  -2.4507   4.5875  -2.5875   5.7069  -2.3245   5.9397  -2.7528   8.9479   2.0272   2.9524   1.9663   2.8697
T 72000 5  -2.3428   4.8006  -2.0890   4.3059  -2.1433   5.3009  -2.0672   6.1697  -2.0799   7.9111
T 73000 5  -2.1759   4.7839  -2.2984   5.0214  -1.9798   5.3553  -1.8941   6.1858  -1.8166   8.1642
T 74000 6  -2.1857   4.6292  -2.1649   4.5711  -2.1262   5.4939  -2.0028   6.1632  -1.9327   8.2072   2.0260   3.5114
T 75000 6  -2.0878   4.4905  -2.0919   4.4993  -1.9294   5.1785  -1.8913   6.2061  -1.8268   8.1573   2.3276   3.8420
T 76000 6  -2.0399   4.5425  -2.0469   4.5434  -1.8730   5.2722  -1.5920   5.3248  -1.7404   8.2501   2.3077   3.6032
T 77000 6  -1.9008   4.3019  -1.8954   4.3037  -1.7582   5.1152  -1.7627   6.1635  -1.6009   7.9706   2.2517   3.3425
T 78000 6  -1.7580   4.3635  -1.7556   4.3733  -1.6378   5.2989  -1.4266   5.8781  -1.2453   7.6918   2.2997   3.1198
T 79000 6  -1.5064   4.4765  -1.5075   4.4798  -1.2837   5.1069  -1.1390   6.0163  -0.8082   7.7583   2.5569   3.0771
T 80000 6  -1.6171   4.4087  -1.6171   4.4087  -1.4235   5.1595  -1.2906   5.9154  -0.9630   7.6538   2.2949   2.8306
T 81000 4  -1.6366   5.0364  -1.5370   5.8783  -1.2930   7.5814   2.0300   2.6352
T 82000 3  -1.7688   4.6930  -1.6407   7.5700   1.9140   2.5914
T 83000 2  -1.8309   4.8575  -1.5326   7.4694
T 84000 3  -1.8903   4.9961  -1.5526   7.4107   1.9001   2.4079
T 85000 3  -1.6432   4.9467  -1.6503   7.4172   2.5140   4.3464
T 86000 3  -1.9492   5.2316  -1.9797   7.4081   2.4116   4.4349
T 87000 3  -1.8399   5.2646  -1.6897   6.8400   2.4930   4.2570
T 88000 4  -1.7567   5.1981  -1.6595   7.2696  -1.3364   8.3291   2.3397   3.7634
T 89000 5  -1.8782   4.3795  -1.6917   5.0273  -1.5382   6.9582  -1.4081   8.9365   2.3032   3.6622
T 90000 4  -1.9283   4.9640  -1.8270   6.8001  -1.7135   8.4104   2.3000   3.8891
T 91000 5  -2.0274   4.9611  -1.8708   6.7807  -1.7699   8.1125   2.3220   3.8420   2.5288   3.2644
T 92000 5  -1.7058   4.4745  -1.6832   6.7350  -1.5507   8.2539   2.4678   3.7436   3.7949   4.3624
T 93000 4  -1.6305   4.7239  -1.4554   6.8520  -1.2336   8.2847   2.6516   3.6183
T 94000 4  -1.5074   4.7656  -1.2414   6.4110  -0.9248   7.6121   2.6928   3.4567
T 95000 4  -1.5538   4.6374  -1.3363   6.6056  -1.1154   8.1199   2.4934   3.1832
T 96000 4  -1.8601   4.6336  -1.7388   6.3691  -1.5343   7.6390   2.2763   3.2470
T 97000 4  -2.1049   4.4581  -2.0140   6.3096  -1.8254   7.5209   2.1510   3.2488
T 98000 4  -2.1137   4.3182  -2.0547   6.1856  -1.8889   7.3874   2.1179   3.1988
T 99000 4  -1.9164   4.3657  -1.7259   6.1908  -1.4698   7.4787   2.2963   3.0494
T 100000 4  -1.9264   4.3175  -1.7634   6.1972  -1.5241   7.4277   2.4559   3.1643
T 101000 4  -2.2134   4.3062  -1.9196   5.7290  -1.8168   7.2694   2.3357   3.1318
T 102000 3  -1.9403   5.7170  -1.8901   7.4764   2.3514   3.0872
T 103000 5  -1.7857   5.6716  -1.6446   7.1592  -1.2997   7.5567   2.5646   5.1097   2.3810   2.8854
T 104000 5  -1.9361   5.5859  -1.9307   7.5509  -1.3631   6.9357   2.5234   5.3342   2.3161   2.9191
T 105000 5  -2.1023   5.6645  -2.0220   7.2907  -1.4994   7.0118   2.4246   5.1728   2.3091   2.8893
T 106000 5  -2.2398   5.6402  -2.1911   7.1896  -1.5930   6.5636   2.2712   5.0965   2.2073   2.8336
T 107000 4  -2.1564   5.9728  -1.7526   6.6297  -1.6687   8.3681   2.4870   4.9836
T 108000 4  -1.6965   5.4129  -1.5355   7.0378  -1.2920   8.1257   2.4489   4.3645
T 109000 4  -1.4380   5.4697  -1.2236   7.2355  -0.8642   7.7585   2.9121   4.6517
T 110000 4  -1.4340   5.1976  -1.1159   6.4341  -0.8556   7.8855   3.0609   4.7472
T 111000 3  -1.2467   3.5671  -1.3382   7.5276   2.7516   4.8542
T 112000 5  -1.9805   5.1175  -1.8105   6.4942  -1.6231   7.6939   2.4565   6.0190   2.4805   4.5497
T 113000 5  -1.8936   5.0824  -1.6184   6.2241  -1.4622   7.6652   2.6241   5.9461   2.6258   4.4838
T 114000 5  -1.7672   4.7801  -1.5688   6.2055  -1.3674   7.6919   2.7386   5.9340   2.7366   4.5496
T 115000 5  -1.9214   4.9463  -1.6643   6.1943  -1.5239   7.9288   2.7693   6.1151   2.5576   4.2933
T 116000 4  -1.9164   6.1429  -1.7483   7.3342   2.4664   5.9799   2.4154   4.2718
T 117000 4  -2.1278   5.9410  -2.0924   7.3533   2.2263   5.9379   2.2822   4.3469
T 118000 4  -2.0493   5.9620  -2.0050   7.5025   2.3492   5.8810   2.4030   4.3613
T 119000 4  -1.8532   5.7798  -1.7323   7.3560   2.4722   5.6018   2.4951   4.1782
T 120000 4  -1.9025   5.7776  -1.7564   7.2801   2.4374   5.5595   2.5646   4.2434
T 121000 4  -1.8930   5.5541  -1.7243   6.7820   2.3885   5.4839   2.4367   4.0511
T 122000 4  -2.1070   6.0040  -1.7913   6.8134   2.3152   5.2808   2.3824   3.9047
T 123000 4  -2.1154   5.5909  -1.9774   7.0928   2.2249   5.2654   2.3239   3.8543
T 124000 4  -2.0195   5.6387  -1.9022   7.3157   2.3540   5.1326   2.4311   3.7369
T 125000 4  -1.9164   5.7195  -1.6943   7.2392   2.4878   5.0435   2.3301   3.3652
T 126000 4  -1.8424   5.3155  -1.6925   6.8114   2.4835   5.0202   2.4239   3.4575
T 127000 4  -1.9606   5.3449  -1.6567   6.3015   2.4943   5.0420   2.5059   3.5743
T 128000 4  -2.0413   5.2746  -1.9189   6.8126   2.3524   4.8981   2.4331   3.4849
T 129000 4  -1.9902   5.2203  -1.7178   6.1940   2.3907   4.7768   2.4337   3.3675
T 130000 4  -1.9611   5.2636  -1.9434   7.4326   2.4960   4.6771   2.4948   3.2630
T 131000 4  -1.8135   4.9054  -1.6533   6.4660   2.4456   4.4155   2.5465   3.1863
T 132000 3  -1.7802   6.8086   2.4397   4.3819   2.5684   3.1624
T 133000 5  -2.1552   4.8618  -1.4960   4.6447   2.0425   5.2652   2.2623   4.4560   2.3520   3.0533
T 134000 5  -2.1518   4.8228  -1.9596   6.2812   2.0565   5.0567   2.3065   4.3932   2.4437   3.0358
T 135000 5  -2.0197   4.5710  -1.9183   6.1776   2.1731   5.2141   2.3170   4.2498   2.3566   2.7924
T 136000 4  -1.9208   4.6673  -1.7162   6.1245   2.2737   4.8961   2.5176   4.1755
T 137000 4  -1.9782   4.5818  -1.8038   6.2439   2.2618   4.8703   2.4623   4.0356
T 138000 3  -1.9659   5.8925   2.1301   4.9565   2.2774   3.9572
T 139000 5  -2.0570   5.7204  -2.1622   8.0046  -1.8398   9.0945   2.0178   4.8922   2.1920   3.9168
T 140000 5  -2.1274   6.1379  -1.8828   7.4475  -1.7766   9.1745   2.0351   4.6882   2.2667   3.8610
T 141000 5  -1.9196   5.7290  -1.8191   7.5852  -1.6101   9.2836   2.1166   4.5436   2.3692   3.7845
T 142000 5  -1.8564   5.4010  -1.8586   7.4367  -1.6785   9.2175   2.0979   4.5175   2.2709   3.6109
T 143000 5  -2.1104   5.6424  -1.9974   7.2777  -1.9253   9.1263   2.0171   4.5264   2.2316   3.6402
T 144000 5  -1.9118   5.2325  -1.9897   7.4055  -1.8196   9.1246   2.1102   4.5299   2.2976   3.5554
T 145000 5  -1.7007   5.4014  -1.5748   7.4144  -1.2773   9.0146   2.3816   4.4149   2.4587   3.3224
T 146000 5  -1.6819   5.3663  -1.5463   7.3802  -1.2318   8.9675   2.2912   4.1475   2.4891   3.2252
T 147000 5  -1.6629   5.2572  -1.4772   7.0024  -1.1583   8.4324   2.3636   4.1696   2.4997   3.1736
T 148000 5  -1.5550   5.1513  -1.3896   6.9686  -1.0704   8.7077   2.5430   4.2584   2.6120   3.1110
T 149000 5  -1.6771   5.1383  -1.4416   6.9286  -1.1769   8.3061   2.3443   3.9352   2.5526   3.0144
T 150000 4  -1.6111   4.9578  -1.4224   6.7893  -1.1118   8.2678   2.3585   3.8203
T 151000 4  -1.4962   4.9094  -1.2796   6.8112  -0.9104   8.3907   2.3565   3.5983
T 152000 4  -1.6394   4.7102  -1.4391   6.3850  -1.1288   7.9669   2.2529   3.6322
T 153000 5  -2.1132   4.7058  -2.0797   6.8893  -1.8005   8.1985   2.0268   3.7471   2.2773   2.7598
T 154000 5  -2.1230   4.5240  -2.0421   6.2287  -1.8734   7.9553   1.9257   3.6182   2.2756   2.7674
T 155000 4  -1.7889   4.5376  -1.6875   6.4185  -1.3159   7.6506   2.1848   3.5471
T 156000 4  -1.7864   4.4985  -1.5524   6.2114  -1.2316   7.6078   2.2263   3.4839
T 157000 4  -1.8117   4.4176  -1.6758   6.2707  -1.3731   7.7243   3.0101   4.7534
T 158000 2  -1.9865   7.8578   2.1656   3.9099
T 159000 2  -1.8878   7.3832   2.1028   3.6814
T 160000 4  -1.9881   6.0640  -1.7053   7.5659   2.5502   7.3080   2.0517   3.3002
T 161000 4  -1.7196   5.9825  -1.4107   7.5092   2.7805   6.9355   2.1148   3.0864
T 162000 4  -1.8134   5.9223  -1.5418   7.5143   2.9159   7.6592   2.2182   3.2788
T 163000 3  -1.9389   7.4157   2.3308   6.8494   2.0021   3.1472
T 164000 3  -2.3907   7.3245   2.0602   7.1807   2.0194   3.5089
T 165000 3  -2.3724   7.2363   2.0910   7.4763   1.9978   3.4454
T 166000 6  -2.2270   5.5475  -2.0528   7.3256  -2.1082   9.2356  -1.9336  10.6186   2.3288   7.0527   2.2813   3.5301
T 167000 6  -2.1386   5.5259  -1.8115   6.9669  -1.8321   8.8050  -1.6983  10.4903   2.5519   7.0787   1.8915   2.7899
T 168000 6  -2.1188   5.3548  -1.8973   6.9129  -1.8679   7.2237  -1.6737  10.1572   2.2337   6.2715   2.3056   3.3507
T 169000 6  -2.3746   5.5558  -2.0103   6.7562  -1.9971   6.7446  -1.9627  10.2118   2.3459   6.8936   2.2555   3.3411
T 170000 6  -2.4893   5.0708  -2.3482   6.5564  -2.4107   6.7581  -2.4035   9.9031   1.9537   6.7419   2.0513   3.2617
T 171000 6  -2.6314   5.2673  -2.4091   6.7537  -2.3971   6.6130  -2.5873  10.4127   1.9297   6.5609   2.1164   3.3270
T 172000 4  -2.2388   5.1511  -1.9667   6.6419  -1.9764   6.5786  -1.7328   9.4413
T 173000 4  -2.0607   5.2081  -1.7682   6.6524  -1.7095   6.5380  -1.4433   9.5994
T 174000 4  -2.1205   4.8467  -1.9116   6.4876  -1.8448   6.2609  -1.8702  10.1894
T 175000 4  -2.2908   4.7787  -2.1817   6.5678  -2.1852   6.5784  -2.1041  10.0429
T 176000 4  -2.5059   4.9166  -2.2523   6.4181  -2.1557   6.1176  -2.2201   9.3702
T 177000 4  -2.3500   4.6637  -2.0822   6.1878  -2.0718   6.1305  -2.2024  10.2302
T 178000 4  -2.2178   4.4782  -2.0049   6.1423  -2.0238   6.1461  -1.9010   9.3972
T 179000 4  -2.2074   4.4834  -1.9785   6.0885  -1.9466   6.0986  -1.9426  10.2617
T 180000 4  -2.2787   4.4457  -2.0471   6.1361  -2.0252   6.0183  -1.8771   9.0842
T 181000 4  -2.3298   4.4210  -1.9966   5.8334  -1.9839   5.7477  -2.0864   9.7566
T 182000 4  -2.2939   4.1921  -2.0664   5.7697  -2.0878   5.7828  -2.1736   9.7059
T 183000 4  -2.3251   4.3760  -1.9039   5.6579  -1.9608   5.7775  -1.8749   9.3346
T 184000 4  -2.0148   4.2672  -1.6206   5.7831  -1.6288   5.7829  -1.3314   9.2090
T 185000 4  -2.2481   4.2894  -1.8095   5.6948  -1.8091   5.6937  -1.6045   9.3290
T 186000 3  -2.3888   3.9025  -2.1496   5.5961  -2.1473   5.5900
T 187000 5  -2.3475   5.5674  -2.4779   7.1489  -2.4518   8.9333   2.1462   6.8281   2.0096   5.2785
T 188000 5  -2.2927   5.1551  -2.6491   7.1937  -2.6073   8.9360   2.0720   6.7470   1.9628   5.2963
T 189000 5  -2.2060   5.1787  -2.2859   6.6786  -2.3105   8.7882   2.1343   6.2717   2.0127   4.9144
T 190000 5  -2.1698   5.1636  -2.3754   7.2456  -2.1226   8.5922   2.3783   6.5972   2.0741   4.8587
T 191000 5  -2.2293   5.1635  -2.3493   6.8927  -2.3163   8.9081   2.2500   6.1429   2.1110   4.8629
T 192000 5  -2.1941   5.1860  -2.2787   6.8601  -2.3262   8.9962   2.4160   6.4190   2.1884   4.8634
T 193000 5  -2.3236   5.0764  -2.5144   6.9366  -2.3889   8.3111   2.1523   6.1171   2.2211   5.0995
T 194000 5  -2.3131   4.8840  -2.4790   6.5772  -2.3550   7.9925   2.1082   6.1430   2.0095   4.6914
T 195000 5  -2.1219   4.9477  -2.1116   6.3846  -2.0474   8.0985   2.4254   5.9639   2.2704   4.6712
T 196000 5  -1.9320   4.9368  -1.9991   6.8178  -1.7632   8.2453   2.5882   5.9425   2.3503   4.4401
T 197000 5  -1.8950   4.8603  -1.8280   6.3594  -1.5697   7.5968   2.6609   5.8571   3.0305   5.5584
T 198000 5  -1.9849   4.8742  -1.8991   6.1443  -1.8314   8.2309   2.6171   5.8727   2.3824   4.3929
T 199000 4  -2.2053   4.5456  -2.2845   6.0845   2.3117   6.0265   2.1715   4.4676
T 200000 4  -2.3409   4.6190  -2.3609   6.0552   2.1551   5.5971   2.1687   4.4752
T 201000 4  -2.0522   4.2681  -2.1898   6.0653   2.4946   5.8835   2.1957   4.1593
T 202000 4  -2.1341   4.5198  -2.1163   6.0554   2.4048   5.4137   2.2165   3.9503
T 203000 4  -2.1239   4.3778  -2.1996   6.1170   2.4331   5.5133   2.2990   4.0557
T 204000 4  -2.1923   4.1829  -2.2342   5.6674   2.1762   5.1856   2.1755   3.9691
T 205000 4  -2.2529   4.1835  -2.2857   5.7143   2.1234   5.0947   2.0298   3.6647
T 206000 4  -2.1653   4.1657  -2.3147   6.0715   2.3185   5.1035   2.2569   3.7884
T 207000 4  -2.0425   4.0884  -1.9963   5.6652   2.4441   5.0135   2.2602   3.5773
T 208000 4  -2.1416   3.9240  -2.0286   5.2811   2.3504   4.9837   2.1402   3.4666
T 209000 3  -2.3904   5.4635   2.2747   5.2227   2.0789   3.5499
T 210000 4  -2.5021   3.8175  -2.4684   5.0728   2.0143   4.8667   1.9389   3.4915
T 211000 2  -2.2764   3.8551  -2.3311   5.5286
T 212000 2  -1.9454   3.6417  -1.9475   5.2884
T 213000 2  -2.0920   3.6683  -1.8556   4.7416
T 214000 4  -2.3194   5.1483  -1.9816   6.2365   2.3541  10.4697   2.2570   4.4709
T 215000 4  -2.4358   5.0359  -2.1038   6.3060   2.3684  11.8230   2.1801   4.4458
T 216000 4  -2.1888   4.7077  -1.9833   6.2702   2.7020  11.2923   2.3164   4.4242
T 217000 4  -2.0357   4.8950  -1.6067   6.1451   2.9867  10.6787   2.5468   4.2960
T 218000 4  -2.0603   4.7246  -1.7285   6.2652   2.9173  10.7638   2.3772   4.0794
T 219000 4  -2.1783   4.5994  -1.8782   6.2219   2.7494  10.4219   2.3373   4.0920
T 220000 4  -2.4436   4.5990  -2.1506   6.0781   2.2189  10.0619   2.9902   5.6335
T 221000 4  -2.2978   4.4579  -2.0513   6.0959   2.4758  10.1029   2.2825   4.0997
T 222000 4  -2.2957   4.5428  -1.9591   6.1939   2.6957   9.9461   2.3280   3.8518
T 223000 4  -2.1555   4.2054  -1.8925   6.0663   2.7594   9.9173   2.3624   3.8176
T 224000 4  -2.5566   4.2671  -2.4440   6.3625   1.9897   9.2035   2.1057   3.6866
T 225000 4  -2.6615   3.9142  -2.6718   5.9689   1.6136   9.4110   2.1114   3.9457
T 226000 4  -2.5272   3.9875  -2.2232   5.5985   2.0421   9.7048   2.1653   3.5912
T 227000 4  -2.2255   3.9024  -1.9383   5.6393   2.7417  10.1701   2.4131   3.5069
T 228000 4  -2.0912   3.7818  -1.7977   5.6836   2.7931   9.1377   2.4496   3.2407
T 229000 3  -2.3662   3.7940  -2.0413   5.5216   2.3683   3.2901
T 230000 4  -2.4645   3.6477  -2.1491   5.2221   2.2061   9.0025   2.2447   3.2019
T 231000 3  -2.2925   5.1714   2.0428   9.1436   2.2027   3.1812
T 232000 7  -2.6841   4.2159  -2.2744   5.1642  -2.4080   6.8616  -2.2097   8.1370   1.9291   5.6930   2.2614   5.1579   2.1739   3.0321
T 233000 7  -2.3509   4.1015  -2.0085   5.1897  -1.9788   6.7485  -1.5974   7.5209   2.1572   5.2671   2.4741   4.8870   2.4054   2.9829
T 234000 6  -1.9292   4.9664  -1.9609   6.7540  -1.7662   8.4301   2.2829   5.4586   2.5374   4.8331   2.4059   2.8557
T 235000 6  -2.2260   5.1046  -2.1843   6.5471  -2.0193   8.0335   2.0273   5.2456   2.3713   4.7517   2.2865   2.7954
T 236000 5  -2.4497   4.8615  -2.7756   7.0150   1.7681   5.0879   2.1040   4.5876   2.2077   2.8029
T 237000 5  -2.3464   4.5908  -2.7620   6.9552   1.8377   5.1387   2.1249   4.5333   2.2608   2.7398
T 238000 4  -2.1641   4.5556  -2.2203   6.1744   1.9812   4.9241   2.3106   4.4255
T 239000 4  -2.0942   4.5898  -2.0709   6.1541   2.1668   4.7848   2.3847   4.2068
T 240000 3  -2.3390   4.5633  -2.3381   6.0641   2.1718   4.0917
T 241000 5  -2.4069   4.3986  -2.4420   5.8924  -2.3885   7.4495   1.8926   4.6047   2.3300   4.4626
T 242000 5  -2.5782   4.2418  -2.7531   5.9215  -2.5606   7.0641   1.5832   4.4451   1.9908   4.0242
T 243000 4  -2.4583   4.2569  -2.7254   6.2915  -2.3454   7.0915   2.1363   3.8772
T 244000 3  -2.0641   4.0963  -2.0513   5.6590   2.4801   3.7215
T 245000 3  -2.0171   4.0494  -1.8604   5.4127   2.6258   3.6626
T 246000 3  -2.2269   3.8754  -2.2063   5.4567   2.4100   3.5172
T 247000 4  -2.2731   5.1613  -2.4768   8.0510   2.2808   6.8773   2.2862   3.3720
T 248000 3  -2.0576   5.3769  -1.7137   6.4473   2.5740   6.2406
T 249000 3  -1.8854   5.0997  -1.5758   6.3053   2.7622   6.4271
T 250000 2  -2.1529   5.1060  -1.8880   6.4708
T 251000 2  -2.3098   5.1768  -1.9732   6.1819
T 252000 2  -2.4371   4.6888  -2.3905   6.3182
T 253000 3  -2.4076   6.0627  -2.9137  10.1366   2.0541   6.1670
T 254000 3  -2.0234   5.7421  -2.1216   9.1780   2.4149   6.1116
T 255000 3  -1.9721   5.9627  -2.0360   9.5858   2.5129   5.9468
T 256000 2  -2.2834   7.3191   2.4316   8.0694
T 257000 4  -2.3466   7.2859  -2.1361   7.8244   2.3882   8.1597   2.4018   7.1184
T 258000 4  -2.1501   5.5349  -2.2648   7.5749   2.2870   8.3055   2.2564   6.5202
T 259000 4  -1.7641   5.3809  -1.7264   7.4221   2.7930   8.2424   2.5239   6.0556
T 260000 4  -1.6776   5.7497  -1.5284   7.4488   3.2334   8.5581   2.9366   6.4232
T 261000 3  -1.7999   5.3032  -1.7866   7.4051   2.6039   6.0794
T 262000 6  -2.0971   5.2429  -2.0794   5.2554  -2.1697   7.2567  -2.1965   7.2764   2.1613   7.3123   2.2911   6.0640
T 263000 6  -2.2503   5.1264  -2.2437   5.1622  -2.4173   7.2771  -2.4173   7.2771   2.1015   7.5136   2.6307   7.7306
T 264000 6  -2.1460   5.1602  -2.0556   4.9087  -2.1002   6.7632  -2.0860   6.7176   2.2131   7.1725   2.3179   6.2062
T 265000 6  -1.9371   5.0053  -1.9471   5.0311  -1.9691   7.1372  -2.0008   7.2518   2.6912   7.6804   2.5386   6.0285
T 266000 6  -1.8745   4.9925  -1.8572   4.9654  -1.8181   6.9923  -1.7460   6.7525   2.8092   7.6396   2.7571   6.2886
T 267000 6  -1.8301   4.8555  -1.8299   4.7817  -1.6971   6.4197  -1.7157   6.5258   2.7245   7.3515   2.6384   5.9396
T 268000 5  -2.0513   4.7994  -2.0585   4.7998  -2.0121   6.6022  -1.9884   6.5557   2.4705   7.1687
T 269000 6  -2.1503   4.5404  -2.1592   4.5452  -2.2836   6.5341  -2.2597   6.4656   2.4542   8.1056   2.3587   6.1491
T 270000 6  -2.0222   4.4745  -2.0296   4.4766  -2.0035   6.1929  -2.0143   6.2262   2.6136   7.4899   2.5133   5.9276
T 271000 6  -1.9077   4.5089  -1.9482   4.5736  -1.7929   6.2373  -1.7929   6.2373   2.7742   7.2872   2.6040   5.6246
T 272000 6  -1.8587   4.4693  -1.8276   4.3947  -1.7260   6.1594  -1.7260   6.1594   2.6807   6.7844   2.6853   5.6591
T 273000 6  -1.9307   4.2995  -1.9501   4.3426  -1.8036   5.7814  -1.8036   5.7814   2.6727   7.1013   2.4949   5.4917
T 274000 6  -2.0861   4.2246  -2.0807   4.2509  -2.1103   6.0631  -2.1103   6.0631   2.5375   7.2122   2.3109   5.3234
T 275000 6  -2.1851   4.1922  -2.2036   4.1929  -2.1385   5.6738  -2.1385   5.6738   2.3899   7.2697   2.2545   5.4662
T 276000 5  -1.9840   4.0895  -1.9983   4.0945  -1.9470   5.8615  -1.9470   5.8615   2.6697   7.1205
T 277000 5  -1.8772   4.1013  -1.8721   4.0772  -1.7481   5.7910  -1.7481   5.7910   2.9378   7.0002
T 278000 5  -1.9653   4.0631  -1.8806   3.9348  -1.8457   5.7824  -1.8457   5.7824   2.8825   7.0132
T 279000 3  -2.4921   7.2503  -2.4921   7.2503   2.2753   6.8907
T 280000 4  -2.7612   5.4953  -2.8997   7.0213   1.8740   6.8777   4.3700   8.3696
T 281000 5  -2.4717   5.4866  -2.6066   7.1342   2.1490   6.5656   2.0754   4.8783   2.1843   3.6577
T 282000 4  -2.0588   5.2222   2.4931   6.3325   2.2990   4.6608   2.3376   3.3761
T 283000 4  -2.1722   5.1872   2.5439   6.5579   2.2494   4.5736   2.2602   3.2440
T 284000 4  -2.1246   5.0735   2.5854   6.4257   2.2826   4.4455   2.4465   3.2867
T 285000 3  -2.3925   5.0363   2.2365   6.1062   2.1508   4.4918
T 286000 8  -2.6234   4.2655  -2.4001   4.8183  -2.4590   6.2147   2.1866   6.1892   2.1154   4.5131   2.1099   3.8800   2.2964   3.3586   2.1049   2.9597
T 287000 4   2.5562   5.9083   2.4222   4.3392   2.4181   3.7672   2.3447   2.9076
T 288000 3   2.9513   5.7156   2.8627   4.3907   2.6788   3.5989
T 289000 6  -1.7833   4.1168  -1.6443   5.0600  -1.4737   6.2965   3.0780   5.6906   2.8132   4.1406   2.7411   3.5517
T 290000 6  -2.0712   3.9958  -1.8740   4.7887  -1.8035   6.2121   2.9038   5.9042   2.6335   4.2262   2.6130   3.6012
T 291000 6  -2.2853   3.8608  -2.0899   4.5374  -2.0994   6.0825   2.6441   5.8386   2.4486   4.1103   2.3882   3.4563
T 292000 6  -2.3702   3.8092  -2.1985   4.5182  -2.1356   6.0114   2.5929   5.6536   2.4379   4.0337   2.3807   3.3476
T 293000 6  -2.1815   3.7125  -1.9002   4.3288  -1.7859   5.6205   2.7162   5.2751   2.6266   3.8741   2.5214   3.1953
T 294000 6  -2.2157   3.6803  -1.9478   4.3235  -1.8299   5.6818   2.7721   5.2945   2.5295   3.6380   2.4641   3.0556
T 295000 6  -2.3331   3.4831  -2.0991   4.1657  -1.9194   5.3164   2.5402   5.0610   2.4755   3.6905   2.4511   3.0286
T 296000 5  -2.1861   4.1257  -2.0485   5.3734   2.5162   5.0276   2.5428   3.7110   2.4390   2.9714
T 297000 5  -2.3153   3.4050  -1.9817   4.0250  -1.7170   4.9955   2.6476   4.6825   2.4744   3.2364
T 298000 5  -2.1049   4.1183  -1.9337   5.3345   3.1978  13.7798   2.4995   4.4548   2.6858   3.5261
T 299000 5  -1.9770   3.8035  -1.8424   5.0829   3.2471  13.9920   2.4691   4.3447   2.6187   3.3617
T 300000 4  -2.2283   3.8394  -1.8959   4.6557   2.4477   4.4894   2.4435   3.2202
T 301000 4  -2.3790   3.5363  -4.1853   8.7047   2.3521   4.7406   2.4314   3.4050
T 302000 4  -2.3725   3.5191  -2.9056   6.1352   2.3259   4.3466   2.4276   3.1573
T 303000 4  -2.1463   3.3260  -3.0340   6.8221   3.0128   5.1573   2.3615   2.7934
T 304000 3  -2.2323   3.4437  -2.8450   6.4812   2.4712   4.0406
T 305000 3  -8.3404  15.1621   2.2316   4.1259   2.2519   2.7579
T 306000 2   2.3477  13.9269   2.4601   4.2427
T 307000 4  -1.5424   3.2274   3.1598   8.3633   2.7293   5.8953   2.5692   3.9145
T 308000 3   2.5773   7.4785   2.4754   5.8581   2.3321   3.8041
T 309000 3   2.4038   7.1858   2.2410   5.2674   2.2036   3.5861
T 310000 5  -2.6174   3.8906  -2.4786   5.8784   2.1459   7.6332   2.0584   5.5114   2.0955   3.7251
T 311000 4  -2.4336   3.9384  -1.9769   5.4321   2.2516   6.4522   2.2841   5.2792
T 312000 4  -2.2439   3.9447  -1.6734   5.4140   2.6017   6.3080   2.5785   5.0645
T 313000 4  -2.2603   3.8279  -1.8475   5.6353   2.4525   5.9880   2.6165   5.1101
T 314000 4  -2.4517   3.7572  -1.9526   5.4083   2.5385   6.6177   2.3760   4.8028
T 315000 3  -2.2291   5.1630   2.1922   6.6101   2.2463   5.1405
T 316000 5  -2.0775   5.1750  -2.1001   7.1978  -1.9306   8.5657   4.9203  13.0729   2.4469   5.0194
T 317000 3  -1.4317   9.0040   2.7998   6.2223   2.7846   4.9123
T 318000 3  -1.2677   8.1957   2.9669   6.4286   2.7735   4.7950
T 319000 3   2.5507   6.1843   2.4410   4.5863   2.5084   2.9174
T 320000 2   1.8723   6.1545   2.0240   4.8730
T 321000 2   2.0997   6.2497   1.1888   2.6504
T 322000 2  -1.4636  11.9059   0.6426   1.4466
T 323000 2  -1.6061  11.9434   2.5600   6.0378
T 324000 2  -2.0871  11.4617   2.2524   6.0307
T 325000 3  -3.0711  11.6812   1.5665   5.0770   1.9714   4.5115
T 326000 3  -3.4653  11.5346   1.5981   5.8039   1.8026   4.3704
T 327000 3  -2.9656  11.4687   1.8262   5.5549   1.9568   4.2532
T 328000 5  -3.0294   6.2259  -2.8946   7.4793  -3.0083   9.0562  -2.9137  10.1366   1.8488   4.0567
T 329000 3  -3.3207   7.0117  -4.1627  11.2161   1.5518   3.9274
T 330000 3  -3.5456   7.2652  -3.8216  10.5010   1.6286   3.8942
T 331000 1   1.8974   5.2424
T 332000 3  -2.5247   5.5862  -2.4486   9.0165   2.1329   3.4710
T 333000 2  -2.9657  10.5831   1.8763   3.3701
T 334000 2  -3.0885  10.0866   1.9054   3.3871
T 335000 2  -2.8263  10.0341   1.9780   3.2190
T 336000 3  -2.6448   5.0464  -2.5231   9.8124   2.0413   3.1239
T 337000 4  -2.7010   5.3146  -2.6521   6.9303  -2.3115   7.5849   2.0778   3.0198
T 338000 3  -2.8385   8.0223  -2.7370   9.2887   1.9741   2.9750
T 339000 3  -2.8293   7.7133  -2.7858   9.1411   1.9373   2.7634
T 340000 4  -2.9324   5.8698  -3.1243   7.7549  -2.9841   8.8301   1.9164   2.7969
T 341000 4  -2.6647   5.8772  -2.5947   7.2157  -2.6234   9.0359   2.0622   2.5527
T 342000 2  -2.2803   5.8484  -2.1397   7.3336
T 343000 3  -2.3252   5.5718  -2.1368   6.6344   2.5285   9.1825
T 344000 3  -2.2443   5.1981  -2.3617   7.1409   2.3742   8.5326
T 345000 1   2.9830   8.7289
T 346000 3  -1.7521   5.3679  -1.4216   6.4310   3.2352   7.8165
T 347000 3  -1.8869   5.0644  -1.6537   6.3598   3.1689   8.2302
T 348000 2  -1.8315   6.0962   2.3234   6.5231
T 349000 3  -1.9628   4.9247  -2.3031   6.7859  -1.5927   5.8033
T 350000 2  -1.7765   4.5564  -1.5535   6.1100
T 351000 1  -1.3171   5.5930
T 352000 2  -1.9236   4.2159   2.0077   3.8136
T 353000 2  -3.0973   6.1117   2.0745   3.9191
T 354000 4  -2.2654   3.7272  -2.2894   3.8028  -2.0722   7.2091   1.7093   3.6022
T 355000 2  -1.9050   3.4723  -1.6785   7.3999
T 356000 2  -2.0396   3.7077  -2.7689  14.0893
T 357000 2  -2.2091   3.6432  -1.5349   6.4782
T 358000 1   2.5092   4.4040
T 359000 5  -2.8575   8.6023  -2.0169   7.9326  -2.1581  11.1449   2.3280   7.5097   4.5238   8.5462
T 360000 5  -2.2398   6.8317  -1.9995   8.0938  -2.0573  10.7853   2.4033   7.5082   2.5172   4.6047
T 361000 4  -1.6774   6.2766  -1.4825   8.2062  -1.3205  10.3765   3.0592   7.7141
T 362000 2  -1.9040  10.3738   2.6034   7.4299
T 363000 2  -2.1184  10.3975   2.4378   7.2560
T 364000 4  -2.3519   5.6163  -2.5906   8.1904  -2.5589  10.0645   2.2101   3.9288
T 365000 4  -2.3165   5.6485  -2.4141   7.9972  -2.4625  10.2067   2.2386   3.7669
T 366000 3  -1.8547   5.4648  -1.8626   8.0575  -1.5243   9.4157
T 367000 6  -0.9988   2.2169  -1.7523   5.3922  -1.5614   7.3017   2.8613   6.8653   2.4483   4.0606   2.6141   3.4256
T 368000 5  -1.7656   5.3154  -1.5850   7.3625   2.7615   6.4255   6.2258   9.7649   2.5477   3.1821
T 369000 5  -1.9392   5.2048  -1.6680   6.5606   2.6214   6.5388   2.3554   3.8695   2.4912   3.2158
T 370000 4  -1.4865   5.0695  -1.2277   6.7957   2.9988   5.9575   2.6587   3.6138
T 371000 4  -1.4367   4.8285  -1.1277   6.6123   3.0037   5.8335   2.8420   3.6550
T 372000 3  -1.7609   4.6015  -1.6050   6.7329   3.7891   5.2639
T 373000 3  -1.9714   6.2901  -2.0061   8.5187   2.6556   8.9848
T 374000 4  -1.8038   6.2439  -1.7047   8.1931   2.8744   8.7819   2.1746   3.0393
T 375000 4  -1.4601   6.0160  -1.3325   8.4571   5.6415  14.4357   2.3900   2.8813
T 376000 3  -1.7363   6.1328  -1.6587   8.4399   2.4087   2.9344
T 377000 3  -1.9597   6.1955  -1.8169   8.2729   3.1304   9.3984
T 378000 3  -1.8617   5.7547  -1.6812   7.4589   2.1132   6.2097
T 379000 4  -1.5131   5.8845  -1.1608   7.5754   3.2535   7.7526   2.7653   3.5367
T 380000 4  -1.5538   5.5163  -1.3104   7.5553   1.3049   3.2202   2.4660   3.2013
T 381000 4  -1.6007   5.4323  -1.3340   7.1558   1.2613   3.1349   2.4254   3.0737
T 382000 4  -1.9155   5.2426  -1.6294   6.7133   2.8595   8.0612   2.4603   3.2486
T 383000 4  -2.1779   5.3673  -2.0672   7.3392   2.5803   7.7804   2.4444   3.3160
T 384000 3  -1.8350   5.1862  -1.5777   6.8252   3.0621   7.8937
T 385000 3  -1.6844   5.3011  -1.3241   6.8895   3.2624   7.2970
T 386000 3  -1.8225   5.2801  -1.4168   6.4942   3.2031   7.4034
T 387000 3  -1.9254   5.1083  -1.5596   6.4644   2.9920   7.2037
T 388000 7  -1.8949   4.7544  -1.5406   6.2001  -1.6345   7.4919  -1.5307   7.2066  -1.6196   7.4233   2.9587   7.0743   2.7542   5.5190
T 389000 7  -1.7866   4.6863  -1.4126   6.1884  -1.4330   7.5125  -1.3491   7.2933  -1.3682   7.2827   3.1870   6.9271   2.9312   5.3480
T 390000 7  -1.8396   4.5824  -1.5058   6.2044  -1.3837   6.9390  -1.4715   7.2223  -1.3716   6.8780   3.0751   6.7688   2.8814   5.2709
T 391000 6  -1.5935   5.8679  -1.6490   7.3633  -1.6747   7.3365  -1.6746   7.3826   3.0562   6.8802   2.8999   5.4486
T 392000 6  -1.8262   5.5701  -1.9399   6.7830  -2.0580   7.2323  -2.0970   7.3323   2.6464   6.5774   2.6338   5.3867
T 393000 6  -1.8647   5.5413  -1.7987   6.3534  -1.8604   6.5714  -1.8179   6.4541   2.6333   6.4069   2.2651   4.5390
T 394000 5  -1.6459   6.8630  -1.6652   6.9021  -1.6542   6.8979   2.7637   5.9512   3.4249   6.0728
T 395000 5  -1.9970   6.5220  -2.1570   6.9139  -1.9970   6.5220   2.5392   6.0713   1.8709   3.6437
T 396000 2  -2.4854   6.4946   2.2662   6.0913
T 397000 6  -2.3086   5.1409  -2.3457   6.0611  -2.1436   6.4531  -2.3415   9.0048   2.2349   5.9380   2.7803   5.8773
T 398000 4  -1.9170   4.7924  -2.0808   6.1571  -1.9019   6.6839   2.5792   5.8445
T 399000 4  -1.9621   5.4130  -1.7924   5.8537  -1.6780   6.9138   2.7218   5.4699
T 400000 4  -1.9532   4.8135  -1.9451   5.7312  -1.9070   6.8760   2.6014   5.4166
T 401000 3  -2.1309   5.6535  -2.2517   7.2850   2.4578   5.1797
T 402000 3  -2.2391   5.4985  -2.1114   6.1686   2.3566   5.1061
T 403000 3  -1.8336   5.3346  -1.6721   6.1574   2.7335   4.8971
T 404000 3  -2.0131   5.2804  -1.7291   5.6204   2.5552   4.7623
T 405000 3  -2.0992   5.2291  -1.8462   5.7321   2.5227   4.6269
T 406000 3  -2.6829   4.9686  -2.4384   5.4300   2.0342   4.5646
T 407000 3  -2.5277   4.7063  -2.3634   5.2293   2.1112   4.5041
T 408000 3  -2.2857   4.6425  -2.1177   5.2562   2.3875   4.3674
T 409000 3  -1.9590   4.6621  -1.7076   5.0962   2.6126   4.0429
T 410000 3  -1.9287   4.4228  -1.7138   4.7468   2.6227   3.9525
T 411000 3  -1.9777   4.2937  -1.7097   4.5535   2.6159   3.8998
T 412000 3  -1.9876   4.7138  -1.7019   5.8911   2.4274   3.7730
T 413000 3  -1.9418   4.5895  -1.7743   6.1115   2.4353   3.5541
T 414000 2  -1.8028   6.1183   2.4697   3.4517
T 415000 3  -2.0139   4.5729  -2.2442   8.1342   2.4965   3.2777
T 416000 3  -1.9995   4.3821  -1.4861   4.9705   2.5180   3.2027
T 417000 2  -1.7335   5.4309   2.4358   3.0589
T 418000 2  -1.6108   5.2358   2.4552   2.8652
T 419000 2  -1.9170   3.7507  -1.8814   6.6794
T 420000 2  -2.2356   4.1625  -2.3509   8.0973
T 421000 1  -1.7138   5.6502
T 422000 1  -1.9544   5.3072
T 423000 3  -2.5450   3.8575  -2.0024   3.2866  -2.0316   5.8371
T 424000 1  -1.5924   4.7731
T 425000 2  -1.7291   2.4901  -1.6662   4.7090
T 426000 1  -1.6930   4.5974
T 427000 1  -1.6245   4.5177
T 428000 1  -1.6674   4.4752
T 430000 2  -1.8257   4.1591   3.0504   7.8927
T 431000 2  -1.6979   4.0406   3.3614   7.8215
