T 1 4  0.5771 402.0947 125.0000 552.0000  0.0000  0.0000  0.0000  0.0000  0.3233 599.3126 344.0000 519.5000  0.2435 517.6285 404.0000 490.0000  1.0000 150.0000
T 2 4  0.5952 373.9485 107.0000 549.0000  0.0000  0.0000  0.0000  0.0000  0.3285 568.9292 340.0000 521.0000  0.2435 703.4079 404.0000 484.0000  1.0000 151.0000
T 3 4  0.5832 283.8795 119.0000 555.0000  0.0000  0.0000  0.0000  0.0000  0.3037 565.4835 359.0000 531.0000  0.2189 703.4079 422.0000 493.0000  1.0000 152.0000
T 4 4  0.0000  0.0000  0.0000  0.0000  0.0000  0.0000  0.0000  0.0000  0.3311 477.4922 338.0000 522.0000  0.2463 707.1375 402.0000 487.5000  1.0000 153.0000
T 5 4  0.0000  0.0000  0.0000  0.0000  0.0000  0.0000  0.0000  0.0000  0.3465 564.6641 326.0000 519.0000  0.2625 703.4079 390.0000 487.5000  1.0000 154.0000
T 6 4  0.0000  0.0000  0.0000  0.0000  0.0000  0.0000  0.0000  0.0000  0.3768 571.2473 302.0000 510.0000  0.2918 689.2034 368.0000 478.5000  1.0000 155.0000
T 7 4  0.0000  0.0000  0.0000  0.0000  0.3516 194.4252 322.0000 563.5000  0.2584 682.4584 393.0000 515.0000  0.1996 319.5302 436.0000 490.5000  1.0000 156.0000
T 8 4  0.0000  0.0000  0.0000  0.0000  0.3103 543.0928 354.0000 553.0000  0.2134 698.1460 426.0000 509.0000  0.1605 655.9610 464.0000 485.0000  1.0000 157.0000
T 9 4  0.0000  0.0000  0.0000  0.0000  0.2557 558.2439 395.0000 529.0000  0.1717 672.7314 456.0000 491.0000  0.1066 652.2033 502.0000 475.0000  1.0000 158.0000
T 10 4  0.0000  0.0000  0.0000  0.0000  0.2598 547.9787 392.0000 529.0000  0.1703 646.8570 457.0000 495.0000  0.1081 806.7068 501.0000 480.0000  1.0000 159.0000
T 11 4  0.0000  0.0000  0.0000  0.0000  0.3349 547.5991 335.0000 527.5000  0.0000  0.0000  0.0000  0.0000  0.1801 625.7096 450.0000 475.0000  1.0000 160.0000
T 12 4  0.0000  0.0000  0.0000  0.0000  0.3655 503.4242 311.0000 503.0000  0.0000  0.0000  0.0000  0.0000  0.2051 639.1263 432.0000 459.0000  1.0000 161.0000
T 13 4  0.0000  0.0000  0.0000  0.0000  0.3477 525.3935 325.0000 513.5000  0.0000  0.0000  0.0000  0.0000  0.1864 591.2422 445.5000 476.0000  1.0000 162.0000
T 14 4  0.0000  0.0000  0.0000  0.0000  0.3516 498.1486 322.0000 521.0000  0.0000  0.0000  0.0000  0.0000  0.1815 605.9741 449.0000 487.0000  1.0000 163.0000
T 15 4  0.0000  0.0000  0.0000  0.0000  0.3705 473.7845 307.0000 505.5000  0.0000  0.0000  0.0000  0.0000  0.1996 620.5468 436.0000 485.0000  1.0000 164.0000
T 16 4  0.0000  0.0000  0.0000  0.0000  0.4088 494.7641 276.0000 520.0000  0.0000  0.0000  0.0000  0.0000  0.2313 640.7953 413.0000 497.0000  1.0000 165.0000
T 17 4  0.0000  0.0000  0.0000  0.0000  0.4564 470.1271 236.0000 514.0000  0.0000  0.0000  0.0000  0.0000  0.2692 656.5553 385.0000 492.0000  1.0000 166.0000
T 18 4  0.0000  0.0000  0.0000  0.0000  0.0000  0.0000  0.0000  0.0000  0.0000  0.0000  0.0000  0.0000  0.2584 653.9093 393.0000 497.0000  1.0000 167.0000
T 19 4  0.0000  0.0000  0.0000  0.0000  0.4281 450.9761 260.0000 510.5000  0.0000  0.0000  0.0000  0.0000  0.2285 649.7712 415.0000 499.0000  1.0000 168.0000
T 20 4  0.0000  0.0000  0.0000  0.0000  0.0000  0.0000  0.0000  0.0000  0.0000  0.0000  0.0000  0.0000  0.2395 600.9061 407.0000 495.0000  1.0000 169.0000
T 21 4  0.0000  0.0000  0.0000  0.0000  0.4494 388.3645 242.0000 521.0000  0.0000  0.0000  0.0000  0.0000  0.2517 607.9756 398.0000 504.0000  1.0000 170.0000
T 22 4  0.0000  0.0000  0.0000  0.0000  0.0000  0.0000  0.0000  0.0000  0.0000  0.0000  0.0000  0.0000  0.2598 604.6425 392.0000 508.0000  1.0000 171.0000
T 23 4  0.0000  0.0000  0.0000  0.0000  0.0000  0.0000  0.0000  0.0000  0.0000  0.0000  0.0000  0.0000  0.2772 604.2000 379.0000 490.0000  1.0000 172.0000
T 24 4  0.0000  0.0000  0.0000  0.0000  0.4736 385.1148 221.0000 502.0000  0.0000  0.0000  0.0000  0.0000  0.2503 562.5670 399.0000 484.5000  1.0000 173.0000
T 25 4  0.0000  0.0000  0.0000  0.0000  0.4529 399.5476 239.0000 491.0000  0.0000  0.0000  0.0000  0.0000  0.2340 536.5843 411.0000 480.0000  1.0000 174.0000
T 26 2  0.0000  0.0000  0.0000  0.0000  0.4679 389.5371 226.0000 501.0000  1.0000 175.0000
T 27 4  0.0000  0.0000  0.0000  0.0000  0.4873 384.9737 209.0000 523.0000  0.0000  0.0000  0.0000  0.0000  0.2571 530.1405 394.0000 498.5000  1.0000 176.0000
T 28 4  0.0000  0.0000  0.0000  0.0000  0.5073 309.9469 191.0000 510.0000  0.0000  0.0000  0.0000  0.0000  0.2739 525.9145 381.5000 481.0000  1.0000 177.0000
T 29 4  0.0000  0.0000  0.0000  0.0000  0.5073 389.6192 191.0000 493.0000  0.0000  0.0000  0.0000  0.0000  0.2672 524.8373 386.5000 469.0000  1.0000 178.0000
T 30 4  0.0000  0.0000  0.0000  0.0000  0.5051 357.5054 193.0000 504.0000  0.0000  0.0000  0.0000  0.0000  0.2517 507.0627 398.0000 483.0000  1.0000 179.0000
T 31 2  0.0000  0.0000  0.0000  0.0000  0.5029 401.6941 195.0000 533.0000  1.0000 180.0000
T 32 4  0.0000  0.0000  0.0000  0.0000  0.0000  0.0000  0.0000  0.0000  0.0000  0.0000  0.0000  0.0000  0.2530 501.5934 397.0000 512.0000  1.0000 181.0000
T 33 4  0.0000  0.0000  0.0000  0.0000  0.5832 416.7099 119.0000 516.0000  0.0000  0.0000  0.0000  0.0000  0.3063 475.0270 357.0000 496.0000  1.0000 182.0000
T 34 4  0.0000  0.0000  0.0000  0.0000  0.5882 306.1860 114.0000 508.0000  0.0000  0.0000  0.0000  0.0000  0.3077 497.9532 356.0000 498.5000  1.0000 183.0000
T 35 2  0.0000  0.0000  0.0000  0.0000  0.5932 292.0046 109.0000 491.0000  1.0000 184.0000
T 36 4  0.0000  0.0000  0.0000  0.0000  0.5736 355.0704 128.5000 496.5000  0.0000  0.0000  0.0000  0.0000  0.2719 455.8151 383.0000 511.0000  1.0000 185.0000
T 37 4  0.0000  0.0000  0.0000  0.0000  0.5892 299.8445 113.0000 498.0000  0.0000  0.0000  0.0000  0.0000  0.2799 447.8830 377.0000 512.0000  1.0000 186.0000
T 38 4  0.0000  0.0000  0.0000  0.0000  0.0000  0.0000  0.0000  0.0000  0.0000  0.0000  0.0000  0.0000  0.3259 463.3271 342.0000 515.0000  1.0000 187.0000
T 39 4  0.0000  0.0000  0.0000  0.0000  0.0000  0.0000  0.0000  0.0000  0.0000  0.0000  0.0000  0.0000  0.3465 449.2438 326.0000 499.0000  1.0000 188.0000
T 40 4  0.4702 473.5982 224.0000 540.0000  0.3362 437.2505 334.0000 506.0000  0.2497 765.6797 399.5000 473.0000  0.1878 930.4277 444.5000 452.5000  1.0000 189.0000
T 41 4  0.4564 189.8476 236.0000 540.0000  0.3207 540.8185 346.0000 505.0000  0.2347 771.1663 410.5000 479.0000  0.1703 937.8999 457.0000 461.0000  1.0000 190.0000
T 42 4  0.4702 432.8365 224.0000 521.5000  0.3336 568.4978 336.0000 491.0000  0.2429 766.8109 404.5000 468.0000  0.1780 930.4277 451.5000 456.0000  1.0000 191.0000
T 43 4  0.5051 441.9320 193.0000 515.5000  0.3579 554.3852 317.0000 487.0000  0.2679 761.2841 386.0000 466.0000  0.2024 922.3563 434.0000 457.0000  1.0000 192.0000
T 44 4  0.5007 326.3618 197.0000 501.5000  0.3503 571.9789 323.0000 486.0000  0.2571 762.5057 394.0000 450.0000  0.1927 926.5762 441.0000 452.0000  1.0000 193.0000
T 45 4  0.4505 389.9620 241.0000 483.5000  0.3017 544.8771 360.5000 487.0000  0.2093 741.2344 429.0000 453.5000  0.1408 906.3210 478.0000 453.0000  1.0000 194.0000
T 46 4  0.4598 407.3968 233.0000 497.5000  0.2985 570.7458 363.0000 496.0000  0.2024 719.9141 434.0000 456.0000  0.1393 878.4194 479.0000 461.0000  1.0000 195.0000
T 47 4  0.4645 381.8705 229.0000 499.0000  0.3077 540.4494 356.0000 492.0000  0.2058 700.4122 431.5000 458.5000  0.1337 894.7285 483.0000 465.0000  1.0000 196.0000
T 48 4  0.4587 161.3906 234.0000 506.0000  0.2912 526.0776 368.5000 503.0000  0.1954 703.2715 439.0000 461.0000  0.1180 844.1512 494.0000 465.0000  1.0000 197.0000
T 49 4  0.4861 394.3347 210.0000 508.5000  0.3096 389.7745 354.5000 508.0000  0.2079 685.7440 430.0000 461.0000  0.1386 842.1247 479.5000 467.0000  1.0000 198.0000
T 50 4  0.4906 265.3527 206.0000 518.0000  0.3142 385.7204 351.0000 514.0000  0.2038 655.8787 433.0000 463.0000  0.1294 824.2783 486.0000 472.0000  1.0000 199.0000
T 51 4  0.4827 387.9380 213.0000 502.0000  0.2918 494.7353 368.0000 511.0000  0.0000  0.0000  0.0000  0.0000  0.1074 840.4009 501.5000 463.0000  1.0000 200.0000
T 52 4  0.5264 362.8431 173.5000 496.5000  0.3343 368.6277 335.5000 501.0000  0.0000  0.0000  0.0000  0.0000  0.1415 832.0799 477.5000 458.0000  1.0000 201.0000
T 53 4  0.0000  0.0000  0.0000  0.0000  0.0000  0.0000  0.0000  0.0000  0.0000  0.0000  0.0000  0.0000  0.2189 824.8537 422.0000 456.0000  1.0000 202.0000
T 54 4  0.0000  0.0000  0.0000  0.0000  0.0000  0.0000  0.0000  0.0000  0.3103 553.2202 354.0000 431.0000  0.2333 761.1376 411.5000 443.0000  1.0000 203.0000
T 55 3  0.3768 193.4897 302.0000 555.0000  0.2557 641.3564 395.0000 501.0000  0.1717 762.5057 456.0000 459.5000  1.0000 204.0000
T 56 3  0.3749 472.7497 303.5000 557.0000  0.2510 642.0815 398.5000 505.5000  0.1640 779.1199 461.5000 467.0000  1.0000 205.0000
T 57 3  0.3904 472.7497 291.0000 542.0000  0.2571 606.8624 394.0000 493.0000  0.1759 766.7172 453.0000 459.0000  1.0000 206.0000
T 58 3  0.0000  0.0000  0.0000  0.0000  0.0000  0.0000  0.0000  0.0000  0.2463 774.5560 402.0000 461.0000  1.0000 207.0000
T 59 3  0.0000  0.0000  0.0000  0.0000  0.0000  0.0000  0.0000  0.0000  0.2497 769.3929 399.5000 455.5000  1.0000 208.0000
T 60 3  0.0000  0.0000  0.0000  0.0000  0.0000  0.0000  0.0000  0.0000  0.2224 766.8109 419.5000 452.5000  1.0000 209.0000
T 61 4  0.4263 439.6826 261.5000 566.0000  0.2812 616.2550 376.0000 504.5000  0.1871 753.5582 445.0000 463.0000  0.0428 1704.1411 546.5000 410.0000  1.0000 210.0000
T 62 3  0.4423 449.7466 248.0000 557.0000  0.2958 604.3516 365.0000 493.5000  0.1982 768.5421 437.0000 466.0000  1.0000 211.0000
T 63 4  0.5095 223.2647 189.0000 572.0000  0.3516 453.6706 322.0000 495.5000  0.2551 727.6104 395.5000 473.5000  0.1038 1682.1991 504.0000 418.0000  1.0000 212.0000
T 64 4  0.5731 255.3705 129.0000 575.5000  0.4124 489.2579 273.0000 493.5000  0.3148 748.0625 350.5000 467.0000  0.1661 1662.0831 460.0000 417.5000  1.0000 213.0000
T 65 4  0.5882 424.8737 114.0000 563.0000  0.4185 599.4412 268.0000 483.0000  0.3201 759.0941 346.5000 459.5000  0.1682 1677.3940 458.5000 410.0000  1.0000 214.0000
T 66 3  0.5566 378.3315 145.0000 558.0000  0.3842 565.3115 296.0000 492.0000  0.2732 748.6706 382.0000 475.0000  1.0000 215.0000
T 67 4  0.5440 167.6739 157.0000 554.0000  0.3649 595.7115 311.5000 496.0000  0.2544 714.5860 396.0000 476.0000  0.1002 1648.5513 506.5000 414.0000  1.0000 216.0000
T 68 4  0.5576 418.2270 144.0000 555.0000  0.3749 563.6141 303.5000 492.0000  0.2679 712.5393 386.0000 474.0000  0.1009 1686.1556 506.0000 420.0000  1.0000 217.0000
T 69 3  0.0000  0.0000  0.0000  0.0000  0.3990 560.3345 284.0000 505.0000  0.2879 690.4163 371.0000 489.0000  1.0000 218.0000
T 70 4  0.0000  0.0000  0.0000  0.0000  0.4505 345.3094 241.0000 506.0000  0.3407 687.3928 330.5000 488.5000  0.1815 1570.2267 449.0000 427.0000  1.0000 219.0000
T 71 4  0.0000  0.0000  0.0000  0.0000  0.4610 570.7291 232.0000 478.0000  0.3452 741.4185 327.0000 469.0000  0.1773 1674.8181 452.0000 415.5000  1.0000 220.0000
T 72 3  0.0000  0.0000  0.0000  0.0000  0.4124 403.6562 273.0000 490.0000  0.2899 633.4883 369.5000 476.0000  1.0000 221.0000
T 73 2  0.3805 513.5651 299.0000 499.0000  0.2544 613.6608 396.0000 474.0000  1.0000 222.0000
T 74 2  0.4100 490.2068 275.0000 502.0000  0.2826 636.5498 375.0000 487.0000  1.0000 223.0000
T 75 2  0.4435 420.2803 247.0000 479.0000  0.3175 654.5990 348.5000 476.0000  1.0000 224.0000
T 76 2  0.4691 536.3015 225.0000 475.5000  0.3394 636.3474 331.5000 467.5000  1.0000 225.0000
T 77 2  0.4627 435.1396 230.5000 474.0000  0.3233 631.9625 344.0000 469.0000  1.0000 226.0000
T 78 3  0.4529 189.7624 239.0000 486.0000  0.3168 644.3442 349.0000 484.0000  0.1379 1483.0596 480.0000 423.0000  1.0000 227.0000
T 79 3  0.4494 442.1944 242.0000 482.0000  0.3096 640.0762 354.5000 475.0000  0.1237 1412.3503 490.0000 424.0000  1.0000 228.0000
T 80 3  0.4714 427.1372 223.0000 475.0000  0.3194 614.9971 347.0000 472.0000  0.1450 1239.4426 475.0000 415.0000  1.0000 229.0000
T 81 2  0.4788 436.6566 216.5000 475.0000  0.3278 622.5390 340.5000 471.5000  1.0000 230.0000
T 82 2  0.4990 475.2584 198.5000 482.0000  0.3414 625.6044 330.0000 472.0000  1.0000 231.0000
T 83 2  0.4822 441.6834 213.5000 490.0000  0.3259 604.2000 342.0000 479.0000  1.0000 232.0000
T 84 2  0.4305 419.4052 258.0000 479.5000  0.2679 600.2954 386.0000 476.0000  1.0000 233.0000
T 85 3  0.4702 404.6064 224.0000 492.5000  0.3063 603.6254 357.0000 484.0000  0.1124 1032.3185 498.0000 422.0000  1.0000 234.0000
T 86 3  0.5366 406.0007 164.0000 497.5000  0.3592 606.5395 316.0000 485.0000  0.1689 1038.0669 458.0000 416.0000  1.0000 235.0000
T 87 2  0.5812 373.4057 121.0000 499.0000  0.3984 598.9518 284.5000 480.0000  1.0000 236.0000
T 88 3  0.6040 389.6761 98.0000 515.0000  0.4161 507.1280 270.0000 487.0000  0.2162 1025.9110 424.0000 410.5000  1.0000 237.0000
T 89 2  0.5852 414.1374 117.0000 531.5000  0.4015 564.6641 282.0000 492.5000  1.0000 238.0000
T 90 2  0.5822 286.8621 120.0000 536.5000  0.3879 545.6204 293.0000 499.5000  1.0000 239.0000
T 91 2  0.5991 431.1227 103.0000 536.0000  0.4003 538.3885 283.0000 503.5000  1.0000 240.0000
T 92 2  0.6045 280.5164 97.5000 532.0000  0.3990 537.6686 284.0000 490.0000  1.0000 241.0000
T 93 2  0.0000  0.0000  0.0000  0.0000  0.4316 505.7385 257.0000 488.0000  1.0000 242.0000
T 94 3  0.0000  0.0000  0.0000  0.0000  0.4447 536.6132 246.0000 489.0000  0.3693 565.6564 308.0000 462.0000  1.0000 243.0000
T 95 3  0.0000  0.0000  0.0000  0.0000  0.3990 517.2399 284.0000 483.0000  0.3207 534.0338 346.0000 464.0000  1.0000 244.0000
T 96 3  0.0000  0.0000  0.0000  0.0000  0.3768 520.3057 302.0000 490.0000  0.2958 526.5200 365.0000 475.0000  1.0000 245.0000
T 97 3  0.0000  0.0000  0.0000  0.0000  0.3743 479.6348 304.0000 498.0000  0.2918 503.3751 368.0000 487.0000  1.0000 246.0000
T 98 4  0.0000  0.0000  0.0000  0.0000  0.3898 477.7065 291.5000 495.5000  0.3063 540.8562 357.0000 483.0000  0.0809 1379.9500 520.0000 417.0000  1.0000 247.0000
T 99 5  0.0000  0.0000  0.0000  0.0000  0.4488 505.1556 242.5000 510.5000  0.0000  0.0000  0.0000  0.0000  0.1337 1016.2928 483.0000 413.0000 -0.1852 1217.4692 706.0000 439.0000  1.0000 248.0000
T 100 5  0.0000  0.0000  0.0000  0.0000  0.4668 484.1879 227.0000 499.0000  0.0000  0.0000  0.0000  0.0000  0.0000  0.0000  0.0000  0.0000 -0.1740 1152.8445 698.0000 426.0000  1.0000 249.0000
T 101 2  0.0000  0.0000  0.0000  0.0000  0.4482 471.1039 243.0000 508.0000  1.0000 250.0000
T 102 2  0.0000  0.0000  0.0000  0.0000  0.4411 444.6174 249.0000 506.0000  1.0000 251.0000
T 103 2  0.0000  0.0000  0.0000  0.0000  0.4552 199.5338 237.0000 517.5000  1.0000 252.0000
T 104 5  0.0000  0.0000  0.0000  0.0000  0.4827 472.2779 213.0000 493.0000  0.0000  0.0000  0.0000  0.0000  0.1379 1054.7080 480.0000 400.0000 -0.1935 1097.0330 712.0000 419.0000  1.0000 253.0000
T 105 2  0.0000  0.0000  0.0000  0.0000  0.4985 464.9290 199.0000 484.0000  1.0000 254.0000
T 106 2  0.0000  0.0000  0.0000  0.0000  0.4861 327.2040 210.0000 487.0000  1.0000 255.0000
T 107 4  0.0000  0.0000  0.0000  0.0000  0.4691 185.8284 225.0000 464.0000  0.0000  0.0000  0.0000  0.0000  0.0823 948.4243 519.0000 388.0000  1.0000 256.0000
T 108 4  0.0000  0.0000  0.0000  0.0000  0.4962 244.9288 201.0000 473.0000  0.0000  0.0000  0.0000  0.0000  0.1152 930.4277 496.0000 396.0000  1.0000 257.0000
T 109 5  0.0000  0.0000  0.0000  0.0000  0.5493 445.2144 152.0000 481.0000  0.0000  0.0000  0.0000  0.0000  0.0000  0.0000  0.0000  0.0000 -0.1935 1069.0508 712.0000 409.0000  1.0000 258.0000
T 110 5  0.0000  0.0000  0.0000  0.0000  0.5812 317.0979 121.0000 468.0000  0.0000  0.0000  0.0000  0.0000  0.0000  0.0000  0.0000  0.0000 -0.1600 1068.2484 688.0000 408.0000  1.0000 259.0000
T 111 4  0.0000  0.0000  0.0000  0.0000  0.5355 420.5158 165.0000 475.0000  0.0000  0.0000  0.0000  0.0000  0.1202 915.8879 492.5000 394.0000  1.0000 260.0000
T 112 3  0.4906 422.0200 206.0000 502.0000  0.3579 527.4462 317.0000 471.0000  0.1386 1046.1305 479.5000 436.5000  1.0000 261.0000
T 113 3  0.5205 156.5592 179.0000 489.0000  0.3849 552.8282 295.5000 460.0000  0.1591 973.2719 465.0000 426.0000  1.0000 262.0000
T 114 3  0.5761 169.1868 126.0000 495.0000  0.4305 540.4494 258.0000 468.0000  0.1982 951.5145 437.0000 436.0000  1.0000 263.0000
T 115 3  0.6030 165.1981 99.0000 504.5000  0.4598 552.1183 233.0000 475.5000  0.2231 1046.3870 419.0000 435.0000  1.0000 264.0000
T 116 4  0.5932 379.4027 109.0000 495.0000  0.4417 424.3950 248.5000 474.0000  0.1954 1031.1704 439.0000 434.0000  0.1209 995.5441 492.0000 388.0000  1.0000 265.0000
T 117 4  0.5566 379.9112 145.0000 492.0000  0.3966 405.2747 286.0000 471.5000  0.1478 976.4236 473.0000 435.0000  0.0687 827.6870 528.5000 390.0000  1.0000 266.0000
T 118 4  0.5812 390.3362 121.0000 499.0000  0.4136 503.3403 272.0000 471.0000  0.1619 978.2772 463.0000 439.0000  0.0859 771.2828 516.5000 393.0000  1.0000 267.0000
T 119 3  0.0000  0.0000  0.0000  0.0000  0.4411 492.6904 249.0000 476.5000  0.1815 937.1802 449.0000 437.0000  1.0000 268.0000
T 120 3  0.0000  0.0000  0.0000  0.0000  0.4951 471.7666 202.0000 488.0000  0.2313 944.9136 413.0000 439.0000  1.0000 269.0000
T 121 3  0.0000  0.0000  0.0000  0.0000  0.4816 496.1859 214.0000 479.0000  0.2114 936.9067 427.5000 438.0000  1.0000 270.0000
T 122 3  0.0000  0.0000  0.0000  0.0000  0.4702 245.5342 224.0000 474.0000  0.1892 940.0255 443.5000 437.0000  1.0000 271.0000
T 123 3  0.0000  0.0000  0.0000  0.0000  0.4691 455.7989 225.0000 465.0000  0.1871 928.7424 445.0000 428.0000  1.0000 272.0000
T 124 2  0.0000  0.0000  0.0000  0.0000  0.5387 472.8235 162.0000 467.0000  1.0000 273.0000
T 125 5  0.0000  0.0000  0.0000  0.0000  0.5962 462.5619 106.0000 483.0000  0.0000  0.0000  0.0000  0.0000  0.0000  0.0000  0.0000  0.0000 -0.1691 940.0797 694.5000 421.0000  1.0000 274.0000
T 126 2  0.0000  0.0000  0.0000  0.0000  0.5618 299.6993 140.0000 480.0000  1.0000 275.0000
T 127 2  0.0000  0.0000  0.0000  0.0000  0.5210 155.9730 178.5000 476.5000  1.0000 276.0000
T 128 2  0.0000  0.0000  0.0000  0.0000  0.4996 263.2975 198.0000 488.0000  1.0000 277.0000
T 129 2  0.0000  0.0000  0.0000  0.0000  0.5556 440.0993 146.0000 492.0000  1.0000 278.0000
T 130 2  0.0000  0.0000  0.0000  0.0000  0.5942 386.4588 108.0000 471.0000  1.0000 279.0000
T 133 3  0.0000  0.0000  0.0000  0.0000  0.2852 650.5523 373.0000 446.5000  0.2121 780.0309 427.0000 435.0000  1.0000 282.0000
T 134 3  0.0000  0.0000  0.0000  0.0000  0.2812 679.3787 376.0000 444.0000  0.2134 834.4786 426.0000 438.0000  1.0000 283.0000
T 135 3  0.0000  0.0000  0.0000  0.0000  0.3155 669.4794 350.0000 450.5000  0.2503 822.6543 399.0000 448.0000  1.0000 284.0000
T 139 3  0.4269 372.4953 261.0000 518.0000  0.3272 609.5492 341.0000 459.0000  0.2422 774.9574 405.0000 447.0000  1.0000 288.0000
T 140 3  0.4702 472.4984 224.0000 511.5000  0.3630 638.9572 313.0000 449.5000  0.2832 830.5188 374.5000 442.5000  1.0000 289.0000
T 141 3  0.4940 475.9554 203.0000 503.0000  0.3929 641.3906 289.0000 440.0000  0.3057 771.1663 357.5000 434.5000  1.0000 290.0000
T 142 3  0.5387 472.8036 162.0000 514.5000  0.4310 293.0354 257.5000 449.5000  0.3471 778.8571 325.5000 443.5000  1.0000 291.0000
T 143 3  0.5161 461.1845 183.0000 521.0000  0.4064 570.3260 278.0000 456.0000  0.3162 705.7599 349.5000 448.5000  1.0000 292.0000
T 144 2  0.4633 160.2448 230.0000 510.0000  0.3452 562.1748 327.0000 454.0000  1.0000 293.0000
T 145 4  0.4587 358.3344 234.0000 512.0000  0.3246 538.5217 343.0000 453.0000  0.2367 688.7721 409.0000 445.0000  0.1619 754.0425 463.0000 428.5000  1.0000 294.0000
T 146 5  0.5139 203.1961 185.0000 520.0000  0.3786 532.1694 300.5000 454.5000  0.2865 661.4955 372.0000 447.0000  0.2079 778.9086 430.0000 422.5000  0.1478 1229.0178 473.0000 391.5000  1.0000 295.0000
T 147 5  0.0000  0.0000  0.0000  0.0000  0.4148 473.8346 271.0000 446.5000  0.3129 696.2894 352.0000 441.0000  0.2320 876.4501 412.5000 416.0000  0.1703 1112.4048 457.0000 381.0000  1.0000 296.0000
T 148 4  0.0000  0.0000  0.0000  0.0000  0.3617 461.3106 314.0000 454.0000  0.2584 650.4417 393.0000 453.0000  0.1717 930.4277 456.0000 421.0000  1.0000 297.0000
T 149 4  0.0000  0.0000  0.0000  0.0000  0.3528 447.6387 321.0000 444.0000  0.2463 647.7593 402.0000 440.0000  0.1584 948.3039 465.5000 404.5000  1.0000 298.0000
T 150 4  0.5451 301.2071 156.0000 533.0000  0.3953 443.8961 287.0000 466.0000  0.2812 653.1595 376.0000 462.0000  0.1871 987.4285 445.0000 424.0000  1.0000 299.0000
T 151 4  0.0000  0.0000  0.0000  0.0000  0.0000  0.0000  0.0000  0.0000  0.3063 628.0852 357.0000 470.0000  0.2141 913.0861 425.5000 426.0000  1.0000 300.0000
T 152 5  0.0000  0.0000  0.0000  0.0000  0.0000  0.0000  0.0000  0.0000  0.3630 649.9232 313.0000 465.0000  0.2638 990.7175 389.0000 426.0000  0.2079 801.1365 430.0000 396.0000  1.0000 301.0000
T 153 5  0.0000  0.0000  0.0000  0.0000  0.4996 408.3914 198.0000 472.0000  0.3818 634.8845 298.0000 467.5000  0.2806 645.6840 376.5000 424.0000  0.2231 885.4705 419.0000 395.0000  1.0000 302.0000
T 154 4  0.0000  0.0000  0.0000  0.0000  0.4523 425.7426 239.5000 478.0000  0.3349 595.3856 335.0000 470.0000  0.2258 900.6136 417.0000 431.0000  1.0000 303.0000
T 155 4  0.0000  0.0000  0.0000  0.0000  0.4399 382.5772 250.0000 469.0000  0.3220 576.0605 345.0000 461.0000  0.2100 935.6562 428.5000 423.0000  1.0000 304.0000
T 156 5  0.0000  0.0000  0.0000  0.0000  0.4587 386.0919 234.0000 475.0000  0.3343 591.7106 335.5000 476.0000  0.2189 936.9067 422.0000 434.0000  0.1668 847.6856 459.5000 397.5000  1.0000 305.0000
T 157 4  0.0000  0.0000  0.0000  0.0000  0.0000  0.0000  0.0000  0.0000  0.3490 549.2069 324.0000 465.0000  0.2326 895.0479 412.0000 426.0000  1.0000 306.0000
T 158 4  0.0000  0.0000  0.0000  0.0000  0.0000  0.0000  0.0000  0.0000  0.3686 574.0378 308.5000 466.0000  0.2530 917.7133 397.0000 423.0000  1.0000 307.0000
T 159 4  0.0000  0.0000  0.0000  0.0000  0.4494 373.3422 242.0000 470.5000  0.3142 564.6641 351.0000 467.0000  0.1899 864.9586 443.0000 425.0000  1.0000 308.0000
T 160 4  0.0000  0.0000  0.0000  0.0000  0.4269 370.5565 261.0000 461.0000  0.2879 569.0956 371.0000 466.0000  0.1598 865.3787 464.5000 422.0000  1.0000 309.0000
T 161 4  0.0000  0.0000  0.0000  0.0000  0.4759 327.2546 219.0000 463.0000  0.3259 538.1948 342.0000 470.0000  0.1927 843.2219 441.0000 421.0000  1.0000 310.0000
T 162 4  0.0000  0.0000  0.0000  0.0000  0.5387 371.2104 162.0000 485.0000  0.3793 530.1405 300.0000 487.0000  0.2497 844.0230 399.5000 434.0000  1.0000 311.0000
T 163 4  0.0000  0.0000  0.0000  0.0000  0.5731 267.0526 129.0000 476.0000  0.4076 530.1405 277.0000 485.0000  0.2705 839.5165 384.0000 428.0000  1.0000 312.0000
T 164 4  0.0000  0.0000  0.0000  0.0000  0.0000  0.0000  0.0000  0.0000  0.3941 158.3434 288.0000 492.0000  0.2537 825.2222 396.5000 443.5000  1.0000 313.0000
T 165 4  0.0000  0.0000  0.0000  0.0000  0.5313 331.2063 169.0000 500.0000  0.3718 522.3293 306.0000 489.0000  0.2148 848.4644 425.0000 442.0000  1.0000 314.0000
T 166 4  0.0000  0.0000  0.0000  0.0000  0.0000  0.0000  0.0000  0.0000  0.3573 503.6367 317.5000 493.5000  0.2017 843.1704 434.5000 449.5000  1.0000 315.0000
T 167 4  0.0000  0.0000  0.0000  0.0000  0.5334 329.0191 167.0000 514.0000  0.3604 497.9872 315.0000 501.0000  0.2079 784.4047 430.0000 456.0000  1.0000 316.0000
T 168 3  0.0000  0.0000  0.0000  0.0000  0.5832 347.8462 119.0000 516.0000  0.4003 376.5133 283.0000 494.0000  1.0000 317.0000
T 169 7  0.0000  0.0000  0.0000  0.0000  0.0000  0.0000  0.0000  0.0000  0.4482 204.3868 243.0000 500.5000  0.3953 446.4788 287.0000 465.0000  0.3362 170.4402 334.0000 461.5000  0.0000  0.0000  0.0000  0.0000  0.2134 715.6089 426.0000 422.0000  1.0000 318.0000
T 170 7  0.0000  0.0000  0.0000  0.0000  0.0000  0.0000  0.0000  0.0000  0.4209 479.4073 266.0000 504.0000  0.3642 550.2466 312.0000 463.0000  0.3116 166.8066 353.0000 474.0000  0.0000  0.0000  0.0000  0.0000  0.1815 778.3375 449.0000 438.5000  1.0000 319.0000
T 171 7  0.0000  0.0000  0.0000  0.0000  0.6176 193.9382 84.0000 537.0000  0.3966 468.3470 286.0000 484.0000  0.3439 564.6641 328.0000 450.0000  0.2799 586.8746 377.0000 464.0000  0.0000  0.0000  0.0000  0.0000  0.1535 606.2033 469.0000 425.0000  1.0000 320.0000
T 172 7  0.0000  0.0000  0.0000  0.0000  0.0000  0.0000  0.0000  0.0000  0.3923 427.2718 289.5000 475.0000  0.3388 560.0952 332.0000 443.0000  0.2786 160.5397 378.0000 465.0000  0.0000  0.0000  0.0000  0.0000  0.1457 489.4854 474.5000 423.5000  1.0000 321.0000
T 173 7  0.0000  0.0000  0.0000  0.0000  0.0000  0.0000  0.0000  0.0000  0.4179 399.5005 268.5000 468.0000  0.3642 331.6692 312.0000 437.0000  0.0000  0.0000  0.0000  0.0000  0.0000  0.0000  0.0000  0.0000  0.1682 331.9735 458.5000 424.5000  1.0000 322.0000
T 174 7  0.0000  0.0000  0.0000  0.0000  0.0000  0.0000  0.0000  0.0000  0.4552 387.9461 237.0000 477.0000  0.3978 384.9274 285.0000 452.5000  0.3362 155.9730 334.0000 471.0000  0.0000  0.0000  0.0000  0.0000  0.1954 835.9765 439.0000 438.0000  1.0000 323.0000
T 175 4  0.0000  0.0000  0.0000  0.0000  0.0000  0.0000  0.0000  0.0000  0.4782 374.0039 217.0000 480.0000  0.4245 320.7249 263.0000 449.0000  1.0000 324.0000
T 176 5  0.0000  0.0000  0.0000  0.0000  0.0000  0.0000  0.0000  0.0000  0.4517 357.8708 240.0000 477.0000  0.3910 380.5377 290.5000 458.0000  0.3194 184.4023 347.0000 479.0000  1.0000 325.0000
T 177 5  0.0000  0.0000  0.0000  0.0000  0.0000  0.0000  0.0000  0.0000  0.4340 355.1163 255.0000 469.0000  0.3617 429.5020 314.0000 447.0000  0.2918 428.5657 368.0000 470.0000  1.0000 326.0000
T 178 5  0.0000  0.0000  0.0000  0.0000  0.0000  0.0000  0.0000  0.0000  0.4505 160.9483 241.0000 460.0000  0.3743 446.3878 304.0000 447.0000  0.3037 427.5376 359.0000 468.0000  1.0000 327.0000
T 179 5  0.0000  0.0000  0.0000  0.0000  0.0000  0.0000  0.0000  0.0000  0.0000  0.0000  0.0000  0.0000  0.0000  0.0000  0.0000  0.0000  0.3336 703.6202 336.0000 436.5000  1.0000 328.0000
T 181 4  0.4996 521.2317 198.0000 504.0000  0.4257 412.3397 262.0000 499.5000  0.4245 422.6867 263.0000 476.0000  0.3516 703.4079 322.0000 454.0000  1.0000 330.0000
T 182 4  0.4540 343.5884 238.0000 480.0000  0.0000  0.0000  0.0000  0.0000  0.3793 391.1660 300.0000 475.0000  0.3718 399.6941 306.0000 485.0000  1.0000 331.0000
T 183 4  0.4827 494.4178 213.0000 483.0000  0.0000  0.0000  0.0000  0.0000  0.3990 389.0417 284.0000 483.0000  0.3904 357.8925 291.0000 488.0000  1.0000 332.0000
T 184 4  0.4799 411.6779 215.5000 477.0000  0.0000  0.0000  0.0000  0.0000  0.3904 325.0405 291.0000 481.5000  0.3879 341.9216 293.0000 485.0000  1.0000 333.0000
T 185 4  0.5280 406.2860 172.0000 479.0000  0.0000  0.0000  0.0000  0.0000  0.4394 386.1024 250.5000 476.5000  0.4411 385.2693 249.0000 477.0000  1.0000 334.0000
T 186 4  0.5566 404.1865 145.0000 489.0000  0.0000  0.0000  0.0000  0.0000  0.4598 387.2212 233.0000 483.0000  0.4627 384.4211 230.5000 485.0000  1.0000 335.0000
T 187 1  0.4940 455.7312 203.0000 500.0000  1.0000 336.0000
T 190 2  0.4816 346.2284 214.0000 505.0000  0.2879 579.9582 371.0000 461.0000  1.0000 339.0000
T 191 2  0.5398 347.0172 161.0000 498.0000  0.3311 447.6344 338.0000 452.0000  1.0000 340.0000
T 192 2  0.5556 230.8738 146.0000 495.0000  0.3465 261.1854 326.0000 450.0000  1.0000 341.0000
T 193 4  0.4124 393.8701 273.0000 487.0000  0.3103 450.3389 354.0000 453.0000  0.1913 707.0231 442.0000 441.0000  0.0565 1054.9070 537.0000 376.0000  1.0000 342.0000
T 194 3  0.0000  0.0000  0.0000  0.0000  0.3162 456.0002 349.5000 441.0000  0.1913 699.8005 442.0000 431.0000  1.0000 343.0000
T 195 5  0.4598 224.0789 233.0000 512.0000  0.3554 426.9577 319.0000 473.0000  0.2285 758.2499 415.0000 466.0000  0.0838 1246.0543 518.0000 396.0000 -0.1921 1695.2349 711.0000 438.0000  1.0000 344.0000
T 196 5  0.4839 246.9115 212.0000 515.0000  0.3755 168.5279 303.0000 463.0000  0.2463 703.4079 402.0000 461.0000  0.1024 1189.7119 505.0000 395.0000 -0.1824 1479.9913 704.0000 438.0000  1.0000 345.0000
T 197 3  0.4558 360.4848 236.5000 521.5000  0.3336 407.3968 336.0000 482.0000  0.2038 695.7795 433.0000 456.0000  1.0000 346.0000
T 198 3  0.4714 363.2122 223.0000 503.0000  0.3452 398.6704 327.0000 461.0000  0.2148 702.4982 425.0000 436.0000  1.0000 347.0000
T 199 3  0.4748 235.0854 220.0000 501.0000  0.3503 178.5231 323.0000 449.5000  0.2162 698.5439 424.0000 429.0000  1.0000 348.0000
T 200 5  0.5205 348.1635 179.0000 497.0000  0.3929 357.4311 289.0000 453.0000  0.2544 694.0958 396.0000 428.5000  0.1045 1033.7412 503.5000 366.5000 -0.1928 1397.4753 711.5000 411.0000  1.0000 349.0000
T 201 3  0.5872 160.6544 115.0000 478.0000  0.4540 359.2977 238.0000 433.5000  0.3070 701.7060 356.5000 408.5000  1.0000 350.0000
T 202 4  0.5922 387.7991 110.0000 471.5000  0.4458 313.4249 245.0000 427.0000  0.2958 638.3981 365.0000 402.0000  0.1386 1074.5585 479.5000 346.0000  1.0000 351.0000
T 203 3  0.5731 407.3968 129.0000 490.0000  0.4221 158.0172 265.0000 453.0000  0.2665 605.6372 387.0000 411.0000  1.0000 352.0000
T 204 4  0.5751 349.0924 127.0000 480.0000  0.0000  0.0000  0.0000  0.0000  0.2557 622.0792 395.0000 401.0000  0.1009 948.3499 506.0000 343.0000  1.0000 353.0000
T 205 3  0.0000  0.0000  0.0000  0.0000  0.5029 168.5027 195.0000 471.0000  0.3388 569.4271 332.0000 417.0000  1.0000 354.0000
T 206 5  0.0000  0.0000  0.0000  0.0000  0.0000  0.0000  0.0000  0.0000  0.3129 646.2545 352.0000 410.0000  0.0000  0.0000  0.0000  0.0000 -0.1677 1399.9907 693.5000 404.5000  1.0000 355.0000
T 207 3  0.0000  0.0000  0.0000  0.0000  0.0000  0.0000  0.0000  0.0000  0.2746 539.2397 381.0000 411.5000  1.0000 356.0000
T 208 3  0.0000  0.0000  0.0000  0.0000  0.0000  0.0000  0.0000  0.0000  0.3233 503.7886 344.0000 404.0000  1.0000 357.0000
T 209 5  0.0000  0.0000  0.0000  0.0000  0.0000  0.0000  0.0000  0.0000  0.3388 509.3825 332.0000 430.0000  0.0000  0.0000  0.0000  0.0000 -0.1726 1218.0918 697.0000 419.0000  1.0000 358.0000
T 210 5  0.0000  0.0000  0.0000  0.0000  0.0000  0.0000  0.0000  0.0000  0.3966 474.1216 286.0000 417.0000  0.0000  0.0000  0.0000  0.0000 -0.1189 1252.5754 659.0000 408.0000  1.0000 359.0000
T 211 5  0.0000  0.0000  0.0000  0.0000  0.0000  0.0000  0.0000  0.0000  0.3497 422.9881 323.5000 435.5000  0.0000  0.0000  0.0000  0.0000 -0.1824 1252.6095 704.0000 428.5000  1.0000 360.0000
T 212 3  0.0000  0.0000  0.0000  0.0000  0.0000  0.0000  0.0000  0.0000  0.3011 526.1304 361.0000 444.0000  1.0000 361.0000
T 213 3  0.0000  0.0000  0.0000  0.0000  0.0000  0.0000  0.0000  0.0000  0.3181 529.9701 348.0000 435.0000  1.0000 362.0000
T 214 3  0.5741 170.0378 128.0000 519.0000  0.3535 523.3608 320.5000 446.5000  0.2665 652.2310 387.0000 447.5000  1.0000 363.0000
T 215 5  0.0000  0.0000  0.0000  0.0000  0.0000  0.0000  0.0000  0.0000  0.0000  0.0000  0.0000  0.0000  0.0000  0.0000  0.0000  0.0000 -0.1473 1207.2013 679.0000 432.0000  1.0000 364.0000
T 216 5  0.0000  0.0000  0.0000  0.0000  0.0000  0.0000  0.0000  0.0000  0.0000  0.0000  0.0000  0.0000  0.0000  0.0000  0.0000  0.0000 -0.1921 1397.4753 711.0000 432.5000  1.0000 365.0000
T 217 1  0.5545 165.4187 147.0000 541.0000  1.0000 366.0000
T 218 1  0.5566 347.1086 145.0000 530.0000  1.0000 367.0000
T 220 3  0.0000  0.0000  0.0000  0.0000  0.0000  0.0000  0.0000  0.0000 -0.1061 1254.9816 650.0000 438.0000  1.0000 369.0000
T 221 3  0.0000  0.0000  0.0000  0.0000  0.0000  0.0000  0.0000  0.0000 -0.1416 1241.0815 675.0000 421.0000  1.0000 370.0000
T 223 1  0.3941 472.7497 288.0000 478.0000  1.0000 372.0000
T 224 4  0.0000  0.0000  0.0000  0.0000  0.1871 1012.7096 445.0000 401.0000  0.0000  0.0000  0.0000  0.0000 -0.1600 1195.0425 688.0000 446.0000  1.0000 373.0000
T 225 4  0.0000  0.0000  0.0000  0.0000  0.0000  0.0000  0.0000  0.0000  0.0000  0.0000  0.0000  0.0000 -0.1033 1132.0916 648.0000 462.0000  1.0000 374.0000
T 226 4  0.0000  0.0000  0.0000  0.0000  0.0000  0.0000  0.0000  0.0000  0.0000  0.0000  0.0000  0.0000  0.2998 952.0410 362.0000 421.0000  1.0000 375.0000
T 229 6  0.0000  0.0000  0.0000  0.0000  0.0000  0.0000  0.0000  0.0000  0.3509 1185.7285 322.5000 451.0000  0.0000  0.0000  0.0000  0.0000 -0.0387 1360.9047 603.0000 439.0000 -0.1339 786.5870 669.5000 484.0000  1.0000 378.0000
T 230 5  0.0000  0.0000  0.0000  0.0000  0.0000  0.0000  0.0000  0.0000  0.3465 1187.1312 326.0000 433.5000  0.2679 1737.7633 386.0000 405.5000 -0.0416 1196.3671 605.0000 423.5000  1.0000 379.0000
T 231 5  0.0000  0.0000  0.0000  0.0000  0.0000  0.0000  0.0000  0.0000  0.0000  0.0000  0.0000  0.0000  0.0000  0.0000  0.0000  0.0000 -0.1261 1207.2013 664.0000 438.0000  1.0000 380.0000
T 232 2  0.0000  0.0000  0.0000  0.0000 -0.1782 1217.9930 701.0000 460.0000  1.0000 381.0000
T 233 2  0.1857 1630.4680 446.0000 421.0000 -0.1282 1185.7285 665.5000 458.0000  1.0000 382.0000
T 234 2  0.2093 1715.9279 429.0000 461.0000 -0.1147 1181.3534 656.0000 482.0000  1.0000 383.0000
